  0.15010E-01  0.22540E-02  0.61199E+00 -0.22855E-01  0.11429E+01
  0.15010E-01  0.10000E-01  0.61925E+00  0.78151E-01  0.11617E+01
  0.15010E-01  0.17746E-01  0.62656E+00  0.17625E+00  0.11595E+01
  0.15010E-01  0.22254E-01  0.66647E+00  0.28003E+00  0.11498E+01
  0.15010E-01  0.30000E-01  0.71771E+00  0.40973E+00  0.13248E+01
  0.15010E-01  0.37746E-01  0.77983E+00  0.54911E+00  0.14788E+01
  0.15010E-01  0.42254E-01  0.84823E+00  0.66404E+00  0.14954E+01
  0.15010E-01  0.50000E-01  0.90090E+00  0.79225E+00  0.16912E+01
  0.15010E-01  0.57746E-01  0.94475E+00  0.88631E+00  0.18144E+01
  0.15010E-01  0.62254E-01  0.97554E+00  0.94184E+00  0.18771E+01
  0.15010E-01  0.70000E-01  0.98704E+00  0.96982E+00  0.19223E+01
  0.15010E-01  0.77746E-01  0.99825E+00  0.99654E+00  0.19655E+01
  0.15010E-01  0.82254E-01  0.10014E+01  0.99932E+00  0.19854E+01
  0.15010E-01  0.90000E-01  0.10008E+01  0.99963E+00  0.19912E+01
  0.15010E-01  0.97746E-01  0.10002E+01  0.10000E+01  0.19969E+01
  0.15010E-01  0.10225E+00  0.10000E+01  0.10001E+01  0.19982E+01
  0.15010E-01  0.11000E+00  0.99999E+00  0.10001E+01  0.19989E+01
  0.15010E-01  0.11775E+00  0.99999E+00  0.10002E+01  0.19982E+01
  0.15010E-01  0.12225E+00  0.99971E+00  0.10008E+01  0.19963E+01
  0.15010E-01  0.13000E+00  0.99896E+00  0.10038E+01  0.19900E+01
  0.15010E-01  0.13775E+00  0.99807E+00  0.10064E+01  0.19830E+01
  0.15010E-01  0.14225E+00  0.99675E+00  0.10097E+01  0.19765E+01
  0.15010E-01  0.15000E+00  0.99595E+00  0.10120E+01  0.19695E+01
  0.15010E-01  0.15775E+00  0.99464E+00  0.10148E+01  0.19645E+01
  0.15010E-01  0.16225E+00  0.99513E+00  0.10152E+01  0.19602E+01
  0.15010E-01  0.17000E+00  0.99818E+00  0.10127E+01  0.19477E+01
  0.15010E-01  0.17775E+00  0.10014E+01  0.10096E+01  0.19362E+01
  0.15010E-01  0.18225E+00  0.10298E+01  0.97210E+00  0.19615E+01
  0.15010E-01  0.19000E+00  0.11118E+01  0.90573E+00  0.18978E+01
  0.15010E-01  0.19775E+00  0.11939E+01  0.84857E+00  0.18352E+01
  0.15010E-01  0.20225E+00  0.12468E+01  0.84574E+00  0.17667E+01
  0.15010E-01  0.21000E+00  0.12812E+01  0.81437E+00  0.16458E+01
  0.15010E-01  0.21775E+00  0.13259E+01  0.76745E+00  0.15544E+01
  0.15010E-01  0.22225E+00  0.13718E+01  0.74917E+00  0.15163E+01
  0.15010E-01  0.23000E+00  0.12913E+01  0.62355E+00  0.13698E+01
  0.15010E-01  0.23775E+00  0.12125E+01  0.47555E+00  0.11706E+01
  0.15010E-01  0.24225E+00  0.11229E+01  0.29408E+00  0.93645E+00
  0.15010E-01  0.25000E+00  0.10692E+01  0.17511E+00  0.68750E+00
  0.15010E-01  0.25775E+00  0.10161E+01  0.45116E-01  0.38247E+00
  0.15010E-01  0.26225E+00  0.99875E+00  0.32882E-02  0.29727E+00
  0.15010E-01  0.27000E+00  0.10013E+01  0.45867E-02  0.27998E+00
  0.15010E-01  0.27775E+00  0.10007E+01  0.38947E-02  0.26186E+00
  0.15010E-01  0.28225E+00  0.10001E+01  0.15116E-02  0.25712E+00
  0.15010E-01  0.29000E+00  0.10001E+01  0.86017E-03  0.25411E+00
  0.15010E-01  0.29775E+00  0.10000E+01  0.21677E-03  0.25109E+00
  0.15010E-01  0.30225E+00  0.99999E+00  0.15979E-04  0.25042E+00
  0.15010E-01  0.31000E+00  0.10000E+01  0.44701E-04  0.25020E+00
  0.15010E-01  0.31775E+00  0.10000E+01  0.32806E-05  0.25001E+00
  0.15010E-01  0.32225E+00  0.10000E+01 -0.11203E-04  0.25000E+00
  0.15010E-01  0.33000E+00  0.10000E+01  0.64134E-05  0.25002E+00
  0.15010E-01  0.33775E+00  0.10000E+01  0.52603E-07  0.25000E+00
  0.15010E-01  0.34225E+00  0.10000E+01 -0.32932E-05  0.25000E+00
  0.15010E-01  0.35000E+00  0.10000E+01  0.10921E-05  0.25000E+00
  0.15010E-01  0.35775E+00  0.10000E+01  0.41647E-07  0.25000E+00
  0.15010E-01  0.36225E+00  0.10000E+01 -0.61661E-06  0.25000E+00
  0.15010E-01  0.37000E+00  0.10000E+01  0.18075E-06  0.25000E+00
  0.15010E-01  0.37775E+00  0.10000E+01 -0.22189E-08  0.25000E+00
  0.15010E-01  0.38225E+00  0.10000E+01 -0.10115E-06  0.25000E+00
  0.15010E-01  0.39000E+00  0.10000E+01  0.29768E-07  0.25000E+00
  0.15010E-01  0.39775E+00  0.10000E+01 -0.96773E-09  0.25000E+00
  0.15010E-01  0.40225E+00  0.10000E+01 -0.14749E-07  0.25000E+00
  0.15010E-01  0.41000E+00  0.10000E+01  0.41727E-08  0.25000E+00
  0.15010E-01  0.41775E+00  0.10000E+01 -0.56287E-09  0.25000E+00
  0.15010E-01  0.42225E+00  0.10000E+01 -0.18529E-08  0.25000E+00
  0.15010E-01  0.43000E+00  0.10000E+01  0.68990E-09  0.25000E+00
  0.15010E-01  0.43775E+00  0.10000E+01 -0.17193E-09  0.25000E+00
  0.15010E-01  0.44225E+00  0.10000E+01 -0.29861E-09  0.25000E+00
  0.15010E-01  0.45000E+00  0.10000E+01  0.11086E-09  0.25000E+00
  0.15010E-01  0.45775E+00  0.10000E+01 -0.78036E-11  0.25000E+00
  0.15010E-01  0.46225E+00  0.10000E+01 -0.41927E-10  0.25000E+00
  0.15010E-01  0.47000E+00  0.10000E+01  0.68893E-11  0.25000E+00
  0.15010E-01  0.47775E+00  0.10000E+01  0.39067E-12  0.25000E+00
  0.15010E-01  0.48225E+00  0.10000E+01  0.25785E-13  0.25000E+00
  0.15010E-01  0.49000E+00  0.10000E+01 -0.35807E-12  0.25000E+00
  0.15010E-01  0.49775E+00  0.10000E+01 -0.18433E-11  0.25000E+00
  0.15010E-01  0.50225E+00  0.10000E+01  0.18417E-11  0.25000E+00
  0.15010E-01  0.51000E+00  0.10000E+01  0.35718E-12  0.25000E+00
  0.15010E-01  0.51775E+00  0.10000E+01 -0.26648E-13  0.25000E+00
  0.15010E-01  0.52225E+00  0.10000E+01 -0.39120E-12  0.25000E+00
  0.15010E-01  0.53000E+00  0.10000E+01 -0.68887E-11  0.25000E+00
  0.15010E-01  0.53775E+00  0.10000E+01  0.41928E-10  0.25000E+00
  0.15010E-01  0.54225E+00  0.10000E+01  0.78052E-11  0.25000E+00
  0.15010E-01  0.55000E+00  0.10000E+01 -0.11086E-09  0.25000E+00
  0.15010E-01  0.55775E+00  0.10000E+01  0.29861E-09  0.25000E+00
  0.15010E-01  0.56225E+00  0.10000E+01  0.17193E-09  0.25000E+00
  0.15010E-01  0.57000E+00  0.10000E+01 -0.68990E-09  0.25000E+00
  0.15010E-01  0.57775E+00  0.10000E+01  0.18529E-08  0.25000E+00
  0.15010E-01  0.58225E+00  0.10000E+01  0.56287E-09  0.25000E+00
  0.15010E-01  0.59000E+00  0.10000E+01 -0.41727E-08  0.25000E+00
  0.15010E-01  0.59775E+00  0.10000E+01  0.14749E-07  0.25000E+00
  0.15010E-01  0.60225E+00  0.10000E+01  0.96773E-09  0.25000E+00
  0.15010E-01  0.61000E+00  0.10000E+01 -0.29768E-07  0.25000E+00
  0.15010E-01  0.61775E+00  0.10000E+01  0.10115E-06  0.25000E+00
  0.15010E-01  0.62225E+00  0.10000E+01  0.22189E-08  0.25000E+00
  0.15010E-01  0.63000E+00  0.10000E+01 -0.18075E-06  0.25000E+00
  0.15010E-01  0.63775E+00  0.10000E+01  0.61661E-06  0.25000E+00
  0.15010E-01  0.64225E+00  0.10000E+01 -0.41647E-07  0.25000E+00
  0.15010E-01  0.65000E+00  0.10000E+01 -0.10921E-05  0.25000E+00
  0.15010E-01  0.65775E+00  0.10000E+01  0.32932E-05  0.25000E+00
  0.15010E-01  0.66225E+00  0.10000E+01 -0.52603E-07  0.25000E+00
  0.15010E-01  0.67000E+00  0.10000E+01 -0.64134E-05  0.25002E+00
  0.15010E-01  0.67775E+00  0.10000E+01  0.11203E-04  0.25000E+00
  0.15010E-01  0.68225E+00  0.10000E+01 -0.32806E-05  0.25001E+00
  0.15010E-01  0.69000E+00  0.10000E+01 -0.44701E-04  0.25020E+00
  0.15010E-01  0.69775E+00  0.99999E+00 -0.15979E-04  0.25042E+00
  0.15010E-01  0.70225E+00  0.10000E+01 -0.21677E-03  0.25109E+00
  0.15010E-01  0.71000E+00  0.10001E+01 -0.86017E-03  0.25411E+00
  0.15010E-01  0.71775E+00  0.10001E+01 -0.15116E-02  0.25712E+00
  0.15010E-01  0.72225E+00  0.10007E+01 -0.38947E-02  0.26186E+00
  0.15010E-01  0.73000E+00  0.10013E+01 -0.45867E-02  0.27998E+00
  0.15010E-01  0.73775E+00  0.99875E+00 -0.32882E-02  0.29727E+00
  0.15010E-01  0.74225E+00  0.10161E+01 -0.45116E-01  0.38247E+00
  0.15010E-01  0.75000E+00  0.10692E+01 -0.17511E+00  0.68750E+00
  0.15010E-01  0.75775E+00  0.11229E+01 -0.29408E+00  0.93645E+00
  0.15010E-01  0.76225E+00  0.12125E+01 -0.47555E+00  0.11706E+01
  0.15010E-01  0.77000E+00  0.12913E+01 -0.62355E+00  0.13698E+01
  0.15010E-01  0.77775E+00  0.13718E+01 -0.74917E+00  0.15163E+01
  0.15010E-01  0.78225E+00  0.13259E+01 -0.76745E+00  0.15544E+01
  0.15010E-01  0.79000E+00  0.12812E+01 -0.81437E+00  0.16458E+01
  0.15010E-01  0.79775E+00  0.12468E+01 -0.84574E+00  0.17667E+01
  0.15010E-01  0.80225E+00  0.11939E+01 -0.84857E+00  0.18352E+01
  0.15010E-01  0.81000E+00  0.11118E+01 -0.90573E+00  0.18978E+01
  0.15010E-01  0.81775E+00  0.10298E+01 -0.97210E+00  0.19615E+01
  0.15010E-01  0.82225E+00  0.10014E+01 -0.10096E+01  0.19362E+01
  0.15010E-01  0.83000E+00  0.99818E+00 -0.10127E+01  0.19477E+01
  0.15010E-01  0.83775E+00  0.99513E+00 -0.10152E+01  0.19602E+01
  0.15010E-01  0.84225E+00  0.99464E+00 -0.10148E+01  0.19645E+01
  0.15010E-01  0.85000E+00  0.99595E+00 -0.10120E+01  0.19695E+01
  0.15010E-01  0.85775E+00  0.99675E+00 -0.10097E+01  0.19765E+01
  0.15010E-01  0.86225E+00  0.99807E+00 -0.10064E+01  0.19830E+01
  0.15010E-01  0.87000E+00  0.99896E+00 -0.10038E+01  0.19900E+01
  0.15010E-01  0.87775E+00  0.99971E+00 -0.10008E+01  0.19963E+01
  0.15010E-01  0.88225E+00  0.99999E+00 -0.10002E+01  0.19982E+01
  0.15010E-01  0.89000E+00  0.99999E+00 -0.10001E+01  0.19989E+01
  0.15010E-01  0.89775E+00  0.10000E+01 -0.10001E+01  0.19982E+01
  0.15010E-01  0.90225E+00  0.10002E+01 -0.10000E+01  0.19969E+01
  0.15010E-01  0.91000E+00  0.10008E+01 -0.99963E+00  0.19912E+01
  0.15010E-01  0.91775E+00  0.10014E+01 -0.99932E+00  0.19854E+01
  0.15010E-01  0.92225E+00  0.99825E+00 -0.99654E+00  0.19655E+01
  0.15010E-01  0.93000E+00  0.98704E+00 -0.96982E+00  0.19223E+01
  0.15010E-01  0.93775E+00  0.97554E+00 -0.94184E+00  0.18771E+01
  0.15010E-01  0.94225E+00  0.94475E+00 -0.88631E+00  0.18144E+01
  0.15010E-01  0.95000E+00  0.90090E+00 -0.79225E+00  0.16912E+01
  0.15010E-01  0.95775E+00  0.84823E+00 -0.66404E+00  0.14954E+01
  0.15010E-01  0.96225E+00  0.77983E+00 -0.54911E+00  0.14788E+01
  0.15010E-01  0.97000E+00  0.71771E+00 -0.40973E+00  0.13248E+01
  0.15010E-01  0.97775E+00  0.66647E+00 -0.28003E+00  0.11498E+01
  0.15010E-01  0.98225E+00  0.62656E+00 -0.17625E+00  0.11595E+01
  0.15010E-01  0.99000E+00  0.61925E+00 -0.78151E-01  0.11617E+01
  0.15010E-01  0.99775E+00  0.61199E+00  0.22855E-01  0.11429E+01
  0.30010E-01  0.22540E-02  0.55567E+00 -0.74462E-02  0.96754E+00
  0.30010E-01  0.10000E-01  0.55558E+00  0.13409E-01  0.96781E+00
  0.30010E-01  0.17746E-01  0.55544E+00  0.34104E-01  0.96685E+00
  0.30010E-01  0.22254E-01  0.55888E+00  0.52190E-01  0.95936E+00
  0.30010E-01  0.30000E-01  0.59201E+00  0.11625E+00  0.98901E+00
  0.30010E-01  0.37746E-01  0.62523E+00  0.17371E+00  0.10085E+01
  0.30010E-01  0.42254E-01  0.64991E+00  0.22061E+00  0.10226E+01
  0.30010E-01  0.50000E-01  0.68004E+00  0.29425E+00  0.11076E+01
  0.30010E-01  0.57746E-01  0.71271E+00  0.36805E+00  0.11825E+01
  0.30010E-01  0.62254E-01  0.74613E+00  0.43251E+00  0.12023E+01
  0.30010E-01  0.70000E-01  0.78169E+00  0.51986E+00  0.13206E+01
  0.30010E-01  0.77746E-01  0.81823E+00  0.60210E+00  0.14183E+01
  0.30010E-01  0.82254E-01  0.85301E+00  0.66328E+00  0.14456E+01
  0.30010E-01  0.90000E-01  0.88538E+00  0.74451E+00  0.15653E+01
  0.30010E-01  0.97746E-01  0.91516E+00  0.81418E+00  0.16579E+01
  0.30010E-01  0.10225E+00  0.93717E+00  0.85542E+00  0.16913E+01
  0.30010E-01  0.11000E+00  0.95873E+00  0.90842E+00  0.17734E+01
  0.30010E-01  0.11775E+00  0.97559E+00  0.94850E+00  0.18333E+01
  0.30010E-01  0.12225E+00  0.98097E+00  0.96713E+00  0.18627E+01
  0.30010E-01  0.13000E+00  0.98952E+00  0.98796E+00  0.18969E+01
  0.30010E-01  0.13775E+00  0.99567E+00  0.10023E+01  0.19213E+01
  0.30010E-01  0.14225E+00  0.99608E+00  0.10119E+01  0.19474E+01
  0.30010E-01  0.15000E+00  0.99734E+00  0.10092E+01  0.19538E+01
  0.30010E-01  0.15775E+00  0.99862E+00  0.10059E+01  0.19590E+01
  0.30010E-01  0.16225E+00  0.10029E+01  0.99688E+00  0.19720E+01
  0.30010E-01  0.17000E+00  0.10117E+01  0.98035E+00  0.19925E+01
  0.30010E-01  0.17775E+00  0.10202E+01  0.96467E+00  0.20112E+01
  0.30010E-01  0.18225E+00  0.10365E+01  0.94543E+00  0.20175E+01
  0.30010E-01  0.19000E+00  0.10925E+01  0.90039E+00  0.19809E+01
  0.30010E-01  0.19775E+00  0.11486E+01  0.85995E+00  0.19439E+01
  0.30010E-01  0.20225E+00  0.11744E+01  0.86784E+00  0.18954E+01
  0.30010E-01  0.21000E+00  0.12270E+01  0.84403E+00  0.18157E+01
  0.30010E-01  0.21775E+00  0.13170E+01  0.82263E+00  0.16921E+01
  0.30010E-01  0.22225E+00  0.13741E+01  0.82630E+00  0.16407E+01
  0.30010E-01  0.23000E+00  0.14083E+01  0.81618E+00  0.15775E+01
  0.30010E-01  0.23775E+00  0.14381E+01  0.80627E+00  0.15216E+01
  0.30010E-01  0.24225E+00  0.14546E+01  0.80511E+00  0.14968E+01
  0.30010E-01  0.25000E+00  0.14254E+01  0.76342E+00  0.14403E+01
  0.30010E-01  0.25775E+00  0.13962E+01  0.71943E+00  0.13781E+01
  0.30010E-01  0.26225E+00  0.13798E+01  0.67458E+00  0.13410E+01
  0.30010E-01  0.27000E+00  0.12996E+01  0.56087E+00  0.12193E+01
  0.30010E-01  0.27775E+00  0.11795E+01  0.36469E+00  0.94593E+00
  0.30010E-01  0.28225E+00  0.10760E+01  0.19205E+00  0.72885E+00
  0.30010E-01  0.29000E+00  0.10441E+01  0.11691E+00  0.55792E+00
  0.30010E-01  0.29775E+00  0.10128E+01  0.37938E-01  0.36544E+00
  0.30010E-01  0.30225E+00  0.10030E+01  0.10865E-01  0.31808E+00
  0.30010E-01  0.31000E+00  0.10034E+01  0.15950E-01  0.30746E+00
  0.30010E-01  0.31775E+00  0.10040E+01  0.12858E-01  0.28514E+00
  0.30010E-01  0.32225E+00  0.10031E+01  0.75362E-02  0.27473E+00
  0.30010E-01  0.33000E+00  0.10014E+01  0.44188E-02  0.26644E+00
  0.30010E-01  0.33775E+00  0.99866E+00  0.97895E-03  0.25866E+00
  0.30010E-01  0.34225E+00  0.99991E+00  0.13312E-02  0.25694E+00
  0.30010E-01  0.35000E+00  0.10004E+01  0.11672E-02  0.25474E+00
  0.30010E-01  0.35775E+00  0.10001E+01  0.59531E-03  0.25278E+00
  0.30010E-01  0.36225E+00  0.99990E+00  0.28523E-03  0.25206E+00
  0.30010E-01  0.37000E+00  0.99994E+00  0.16637E-03  0.25128E+00
  0.30010E-01  0.37775E+00  0.10001E+01  0.23768E-03  0.25066E+00
  0.30010E-01  0.38225E+00  0.10001E+01  0.14883E-03  0.25049E+00
  0.30010E-01  0.39000E+00  0.99998E+00  0.34612E-04  0.25031E+00
  0.30010E-01  0.39775E+00  0.10000E+01  0.29793E-04  0.25016E+00
  0.30010E-01  0.40225E+00  0.10000E+01  0.25839E-04  0.25011E+00
  0.30010E-01  0.41000E+00  0.10000E+01  0.70567E-05  0.25006E+00
  0.30010E-01  0.41775E+00  0.10000E+01  0.44799E-05  0.25003E+00
  0.30010E-01  0.42225E+00  0.10000E+01  0.38079E-05  0.25002E+00
  0.30010E-01  0.43000E+00  0.10000E+01  0.10199E-05  0.25001E+00
  0.30010E-01  0.43775E+00  0.10000E+01  0.57061E-06  0.25000E+00
  0.30010E-01  0.44225E+00  0.10000E+01  0.48970E-06  0.25000E+00
  0.30010E-01  0.45000E+00  0.10000E+01  0.10169E-06  0.25000E+00
  0.30010E-01  0.45775E+00  0.10000E+01  0.55499E-07  0.25000E+00
  0.30010E-01  0.46225E+00  0.10000E+01  0.49381E-07  0.25000E+00
  0.30010E-01  0.47000E+00  0.10000E+01 -0.46306E-09  0.25000E+00
  0.30010E-01  0.47775E+00  0.10000E+01  0.12277E-09  0.25000E+00
  0.30010E-01  0.48225E+00  0.10000E+01  0.19978E-08  0.25000E+00
  0.30010E-01  0.49000E+00  0.10000E+01 -0.98953E-09  0.25000E+00
  0.30010E-01  0.49775E+00  0.10000E+01 -0.41081E-09  0.25000E+00
  0.30010E-01  0.50225E+00  0.10000E+01  0.41081E-09  0.25000E+00
  0.30010E-01  0.51000E+00  0.10000E+01  0.98953E-09  0.25000E+00
  0.30010E-01  0.51775E+00  0.10000E+01 -0.19978E-08  0.25000E+00
  0.30010E-01  0.52225E+00  0.10000E+01 -0.12277E-09  0.25000E+00
  0.30010E-01  0.53000E+00  0.10000E+01  0.46306E-09  0.25000E+00
  0.30010E-01  0.53775E+00  0.10000E+01 -0.49381E-07  0.25000E+00
  0.30010E-01  0.54225E+00  0.10000E+01 -0.55499E-07  0.25000E+00
  0.30010E-01  0.55000E+00  0.10000E+01 -0.10169E-06  0.25000E+00
  0.30010E-01  0.55775E+00  0.10000E+01 -0.48970E-06  0.25000E+00
  0.30010E-01  0.56225E+00  0.10000E+01 -0.57061E-06  0.25000E+00
  0.30010E-01  0.57000E+00  0.10000E+01 -0.10199E-05  0.25001E+00
  0.30010E-01  0.57775E+00  0.10000E+01 -0.38079E-05  0.25002E+00
  0.30010E-01  0.58225E+00  0.10000E+01 -0.44799E-05  0.25003E+00
  0.30010E-01  0.59000E+00  0.10000E+01 -0.70567E-05  0.25006E+00
  0.30010E-01  0.59775E+00  0.10000E+01 -0.25839E-04  0.25011E+00
  0.30010E-01  0.60225E+00  0.10000E+01 -0.29793E-04  0.25016E+00
  0.30010E-01  0.61000E+00  0.99998E+00 -0.34612E-04  0.25031E+00
  0.30010E-01  0.61775E+00  0.10001E+01 -0.14883E-03  0.25049E+00
  0.30010E-01  0.62225E+00  0.10001E+01 -0.23768E-03  0.25066E+00
  0.30010E-01  0.63000E+00  0.99994E+00 -0.16637E-03  0.25128E+00
  0.30010E-01  0.63775E+00  0.99990E+00 -0.28523E-03  0.25206E+00
  0.30010E-01  0.64225E+00  0.10001E+01 -0.59531E-03  0.25278E+00
  0.30010E-01  0.65000E+00  0.10004E+01 -0.11672E-02  0.25474E+00
  0.30010E-01  0.65775E+00  0.99991E+00 -0.13312E-02  0.25694E+00
  0.30010E-01  0.66225E+00  0.99866E+00 -0.97895E-03  0.25866E+00
  0.30010E-01  0.67000E+00  0.10014E+01 -0.44188E-02  0.26644E+00
  0.30010E-01  0.67775E+00  0.10031E+01 -0.75362E-02  0.27473E+00
  0.30010E-01  0.68225E+00  0.10040E+01 -0.12858E-01  0.28514E+00
  0.30010E-01  0.69000E+00  0.10034E+01 -0.15950E-01  0.30746E+00
  0.30010E-01  0.69775E+00  0.10030E+01 -0.10865E-01  0.31808E+00
  0.30010E-01  0.70225E+00  0.10128E+01 -0.37938E-01  0.36544E+00
  0.30010E-01  0.71000E+00  0.10441E+01 -0.11691E+00  0.55792E+00
  0.30010E-01  0.71775E+00  0.10760E+01 -0.19205E+00  0.72885E+00
  0.30010E-01  0.72225E+00  0.11795E+01 -0.36469E+00  0.94593E+00
  0.30010E-01  0.73000E+00  0.12996E+01 -0.56087E+00  0.12193E+01
  0.30010E-01  0.73775E+00  0.13798E+01 -0.67458E+00  0.13410E+01
  0.30010E-01  0.74225E+00  0.13962E+01 -0.71943E+00  0.13781E+01
  0.30010E-01  0.75000E+00  0.14254E+01 -0.76342E+00  0.14403E+01
  0.30010E-01  0.75775E+00  0.14546E+01 -0.80511E+00  0.14968E+01
  0.30010E-01  0.76225E+00  0.14381E+01 -0.80627E+00  0.15216E+01
  0.30010E-01  0.77000E+00  0.14083E+01 -0.81618E+00  0.15775E+01
  0.30010E-01  0.77775E+00  0.13741E+01 -0.82630E+00  0.16407E+01
  0.30010E-01  0.78225E+00  0.13170E+01 -0.82263E+00  0.16921E+01
  0.30010E-01  0.79000E+00  0.12270E+01 -0.84403E+00  0.18157E+01
  0.30010E-01  0.79775E+00  0.11744E+01 -0.86784E+00  0.18954E+01
  0.30010E-01  0.80225E+00  0.11486E+01 -0.85995E+00  0.19439E+01
  0.30010E-01  0.81000E+00  0.10925E+01 -0.90039E+00  0.19809E+01
  0.30010E-01  0.81775E+00  0.10365E+01 -0.94543E+00  0.20175E+01
  0.30010E-01  0.82225E+00  0.10202E+01 -0.96467E+00  0.20112E+01
  0.30010E-01  0.83000E+00  0.10117E+01 -0.98035E+00  0.19925E+01
  0.30010E-01  0.83775E+00  0.10029E+01 -0.99688E+00  0.19720E+01
  0.30010E-01  0.84225E+00  0.99862E+00 -0.10059E+01  0.19590E+01
  0.30010E-01  0.85000E+00  0.99734E+00 -0.10092E+01  0.19538E+01
  0.30010E-01  0.85775E+00  0.99608E+00 -0.10119E+01  0.19474E+01
  0.30010E-01  0.86225E+00  0.99567E+00 -0.10023E+01  0.19213E+01
  0.30010E-01  0.87000E+00  0.98952E+00 -0.98796E+00  0.18969E+01
  0.30010E-01  0.87775E+00  0.98097E+00 -0.96713E+00  0.18627E+01
  0.30010E-01  0.88225E+00  0.97559E+00 -0.94850E+00  0.18333E+01
  0.30010E-01  0.89000E+00  0.95873E+00 -0.90842E+00  0.17734E+01
  0.30010E-01  0.89775E+00  0.93717E+00 -0.85542E+00  0.16913E+01
  0.30010E-01  0.90225E+00  0.91516E+00 -0.81418E+00  0.16579E+01
  0.30010E-01  0.91000E+00  0.88538E+00 -0.74451E+00  0.15653E+01
  0.30010E-01  0.91775E+00  0.85301E+00 -0.66328E+00  0.14456E+01
  0.30010E-01  0.92225E+00  0.81823E+00 -0.60210E+00  0.14183E+01
  0.30010E-01  0.93000E+00  0.78169E+00 -0.51986E+00  0.13206E+01
  0.30010E-01  0.93775E+00  0.74613E+00 -0.43251E+00  0.12023E+01
  0.30010E-01  0.94225E+00  0.71271E+00 -0.36805E+00  0.11825E+01
  0.30010E-01  0.95000E+00  0.68004E+00 -0.29425E+00  0.11076E+01
  0.30010E-01  0.95775E+00  0.64991E+00 -0.22061E+00  0.10226E+01
  0.30010E-01  0.96225E+00  0.62523E+00 -0.17371E+00  0.10085E+01
  0.30010E-01  0.97000E+00  0.59201E+00 -0.11625E+00  0.98901E+00
  0.30010E-01  0.97775E+00  0.55888E+00 -0.52190E-01  0.95936E+00
  0.30010E-01  0.98225E+00  0.55544E+00 -0.34104E-01  0.96685E+00
  0.30010E-01  0.99000E+00  0.55558E+00 -0.13409E-01  0.96781E+00
  0.30010E-01  0.99775E+00  0.55567E+00  0.74462E-02  0.96754E+00
  0.45010E-01  0.22540E-02  0.53956E+00 -0.14101E-02  0.94471E+00
  0.45010E-01  0.10000E-01  0.53941E+00  0.25353E-02  0.94502E+00
  0.45010E-01  0.17746E-01  0.53952E+00  0.64665E-02  0.94473E+00
  0.45010E-01  0.22254E-01  0.54100E+00  0.16819E-01  0.93589E+00
  0.45010E-01  0.30000E-01  0.55229E+00  0.46786E-01  0.92335E+00
  0.45010E-01  0.37746E-01  0.56362E+00  0.75473E-01  0.90977E+00
  0.45010E-01  0.42254E-01  0.57430E+00  0.84126E-01  0.91581E+00
  0.45010E-01  0.50000E-01  0.59886E+00  0.12175E+00  0.91930E+00
  0.45010E-01  0.57746E-01  0.62756E+00  0.16724E+00  0.93131E+00
  0.45010E-01  0.62254E-01  0.64394E+00  0.19842E+00  0.94820E+00
  0.45010E-01  0.70000E-01  0.66490E+00  0.24969E+00  0.10008E+01
  0.45010E-01  0.77746E-01  0.68742E+00  0.30166E+00  0.10492E+01
  0.45010E-01  0.82254E-01  0.70839E+00  0.34245E+00  0.10677E+01
  0.45010E-01  0.90000E-01  0.73216E+00  0.40293E+00  0.11441E+01
  0.45010E-01  0.97746E-01  0.75629E+00  0.46117E+00  0.12100E+01
  0.45010E-01  0.10225E+00  0.78036E+00  0.50440E+00  0.12326E+01
  0.45010E-01  0.11000E+00  0.80505E+00  0.56821E+00  0.13197E+01
  0.45010E-01  0.11775E+00  0.82974E+00  0.62809E+00  0.13946E+01
  0.45010E-01  0.12225E+00  0.85064E+00  0.66525E+00  0.14284E+01
  0.45010E-01  0.13000E+00  0.87513E+00  0.72374E+00  0.15100E+01
  0.45010E-01  0.13775E+00  0.90027E+00  0.77861E+00  0.15834E+01
  0.45010E-01  0.14225E+00  0.91849E+00  0.80186E+00  0.16309E+01
  0.45010E-01  0.15000E+00  0.94591E+00  0.83573E+00  0.17097E+01
  0.45010E-01  0.15775E+00  0.97009E+00  0.86737E+00  0.17869E+01
  0.45010E-01  0.16225E+00  0.99039E+00  0.88533E+00  0.18357E+01
  0.45010E-01  0.17000E+00  0.10153E+01  0.88650E+00  0.18954E+01
  0.45010E-01  0.17775E+00  0.10317E+01  0.89259E+00  0.19557E+01
  0.45010E-01  0.18225E+00  0.10435E+01  0.88722E+00  0.19763E+01
  0.45010E-01  0.19000E+00  0.10767E+01  0.86370E+00  0.19728E+01
  0.45010E-01  0.19775E+00  0.11094E+01  0.84087E+00  0.19666E+01
  0.45010E-01  0.20225E+00  0.11242E+01  0.84357E+00  0.19355E+01
  0.45010E-01  0.21000E+00  0.11680E+01  0.83624E+00  0.18838E+01
  0.45010E-01  0.21775E+00  0.12249E+01  0.82937E+00  0.18160E+01
  0.45010E-01  0.22225E+00  0.12620E+01  0.83104E+00  0.17751E+01
  0.45010E-01  0.23000E+00  0.13211E+01  0.83132E+00  0.16968E+01
  0.45010E-01  0.23775E+00  0.13831E+01  0.83115E+00  0.16210E+01
  0.45010E-01  0.24225E+00  0.14137E+01  0.83236E+00  0.15832E+01
  0.45010E-01  0.25000E+00  0.14489E+01  0.83526E+00  0.15367E+01
  0.45010E-01  0.25775E+00  0.14834E+01  0.83805E+00  0.14932E+01
  0.45010E-01  0.26225E+00  0.14965E+01  0.83671E+00  0.14688E+01
  0.45010E-01  0.27000E+00  0.14897E+01  0.82428E+00  0.14481E+01
  0.45010E-01  0.27775E+00  0.14828E+01  0.81139E+00  0.14277E+01
  0.45010E-01  0.28225E+00  0.14901E+01  0.80423E+00  0.14171E+01
  0.45010E-01  0.29000E+00  0.14472E+01  0.73587E+00  0.13443E+01
  0.45010E-01  0.29775E+00  0.14042E+01  0.66302E+00  0.12565E+01
  0.45010E-01  0.30225E+00  0.13718E+01  0.59883E+00  0.11931E+01
  0.45010E-01  0.31000E+00  0.12419E+01  0.43860E+00  0.10253E+01
  0.45010E-01  0.31775E+00  0.11087E+01  0.23586E+00  0.73994E+00
  0.45010E-01  0.32225E+00  0.10342E+01  0.10772E+00  0.54746E+00
  0.45010E-01  0.33000E+00  0.10186E+01  0.66062E-01  0.44186E+00
  0.45010E-01  0.33775E+00  0.10033E+01  0.23630E-01  0.33034E+00
  0.45010E-01  0.34225E+00  0.99447E+00  0.76636E-02  0.30610E+00
  0.45010E-01  0.35000E+00  0.99811E+00  0.11632E-01  0.29848E+00
  0.45010E-01  0.35775E+00  0.10041E+01  0.12781E-01  0.28312E+00
  0.45010E-01  0.36225E+00  0.10042E+01  0.98567E-02  0.27600E+00
  0.45010E-01  0.37000E+00  0.10017E+01  0.59510E-02  0.26867E+00
  0.45010E-01  0.37775E+00  0.10012E+01  0.41180E-02  0.26255E+00
  0.45010E-01  0.38225E+00  0.10010E+01  0.32669E-02  0.26009E+00
  0.45010E-01  0.39000E+00  0.10005E+01  0.20084E-02  0.25705E+00
  0.45010E-01  0.39775E+00  0.10003E+01  0.13814E-02  0.25484E+00
  0.45010E-01  0.40225E+00  0.10003E+01  0.11645E-02  0.25396E+00
  0.45010E-01  0.41000E+00  0.10003E+01  0.80224E-03  0.25281E+00
  0.45010E-01  0.41775E+00  0.10001E+01  0.49946E-03  0.25193E+00
  0.45010E-01  0.42225E+00  0.10000E+01  0.36681E-03  0.25154E+00
  0.45010E-01  0.43000E+00  0.10000E+01  0.25745E-03  0.25108E+00
  0.45010E-01  0.43775E+00  0.10000E+01  0.18400E-03  0.25075E+00
  0.45010E-01  0.44225E+00  0.10000E+01  0.14772E-03  0.25061E+00
  0.45010E-01  0.45000E+00  0.10000E+01  0.93768E-04  0.25042E+00
  0.45010E-01  0.45775E+00  0.10000E+01  0.61522E-04  0.25028E+00
  0.45010E-01  0.46225E+00  0.10000E+01  0.49353E-04  0.25023E+00
  0.45010E-01  0.47000E+00  0.10000E+01  0.30862E-04  0.25016E+00
  0.45010E-01  0.47775E+00  0.10000E+01  0.18968E-04  0.25011E+00
  0.45010E-01  0.48225E+00  0.10000E+01  0.14172E-04  0.25009E+00
  0.45010E-01  0.49000E+00  0.10000E+01  0.70480E-05  0.25007E+00
  0.45010E-01  0.49775E+00  0.10000E+01  0.14468E-05  0.25006E+00
  0.45010E-01  0.50225E+00  0.10000E+01 -0.14468E-05  0.25006E+00
  0.45010E-01  0.51000E+00  0.10000E+01 -0.70480E-05  0.25007E+00
  0.45010E-01  0.51775E+00  0.10000E+01 -0.14172E-04  0.25009E+00
  0.45010E-01  0.52225E+00  0.10000E+01 -0.18968E-04  0.25011E+00
  0.45010E-01  0.53000E+00  0.10000E+01 -0.30862E-04  0.25016E+00
  0.45010E-01  0.53775E+00  0.10000E+01 -0.49353E-04  0.25023E+00
  0.45010E-01  0.54225E+00  0.10000E+01 -0.61522E-04  0.25028E+00
  0.45010E-01  0.55000E+00  0.10000E+01 -0.93768E-04  0.25042E+00
  0.45010E-01  0.55775E+00  0.10000E+01 -0.14772E-03  0.25061E+00
  0.45010E-01  0.56225E+00  0.10000E+01 -0.18400E-03  0.25075E+00
  0.45010E-01  0.57000E+00  0.10000E+01 -0.25745E-03  0.25108E+00
  0.45010E-01  0.57775E+00  0.10000E+01 -0.36681E-03  0.25154E+00
  0.45010E-01  0.58225E+00  0.10001E+01 -0.49946E-03  0.25193E+00
  0.45010E-01  0.59000E+00  0.10003E+01 -0.80224E-03  0.25281E+00
  0.45010E-01  0.59775E+00  0.10003E+01 -0.11645E-02  0.25396E+00
  0.45010E-01  0.60225E+00  0.10003E+01 -0.13814E-02  0.25484E+00
  0.45010E-01  0.61000E+00  0.10005E+01 -0.20084E-02  0.25705E+00
  0.45010E-01  0.61775E+00  0.10010E+01 -0.32669E-02  0.26009E+00
  0.45010E-01  0.62225E+00  0.10012E+01 -0.41180E-02  0.26255E+00
  0.45010E-01  0.63000E+00  0.10017E+01 -0.59510E-02  0.26867E+00
  0.45010E-01  0.63775E+00  0.10042E+01 -0.98567E-02  0.27600E+00
  0.45010E-01  0.64225E+00  0.10041E+01 -0.12781E-01  0.28312E+00
  0.45010E-01  0.65000E+00  0.99811E+00 -0.11632E-01  0.29848E+00
  0.45010E-01  0.65775E+00  0.99447E+00 -0.76636E-02  0.30610E+00
  0.45010E-01  0.66225E+00  0.10033E+01 -0.23630E-01  0.33034E+00
  0.45010E-01  0.67000E+00  0.10186E+01 -0.66062E-01  0.44186E+00
  0.45010E-01  0.67775E+00  0.10342E+01 -0.10772E+00  0.54746E+00
  0.45010E-01  0.68225E+00  0.11087E+01 -0.23586E+00  0.73994E+00
  0.45010E-01  0.69000E+00  0.12419E+01 -0.43860E+00  0.10253E+01
  0.45010E-01  0.69775E+00  0.13718E+01 -0.59883E+00  0.11931E+01
  0.45010E-01  0.70225E+00  0.14042E+01 -0.66302E+00  0.12565E+01
  0.45010E-01  0.71000E+00  0.14472E+01 -0.73587E+00  0.13443E+01
  0.45010E-01  0.71775E+00  0.14901E+01 -0.80423E+00  0.14171E+01
  0.45010E-01  0.72225E+00  0.14828E+01 -0.81139E+00  0.14277E+01
  0.45010E-01  0.73000E+00  0.14897E+01 -0.82428E+00  0.14481E+01
  0.45010E-01  0.73775E+00  0.14965E+01 -0.83671E+00  0.14688E+01
  0.45010E-01  0.74225E+00  0.14834E+01 -0.83805E+00  0.14932E+01
  0.45010E-01  0.75000E+00  0.14489E+01 -0.83526E+00  0.15367E+01
  0.45010E-01  0.75775E+00  0.14137E+01 -0.83236E+00  0.15832E+01
  0.45010E-01  0.76225E+00  0.13831E+01 -0.83115E+00  0.16210E+01
  0.45010E-01  0.77000E+00  0.13211E+01 -0.83132E+00  0.16968E+01
  0.45010E-01  0.77775E+00  0.12620E+01 -0.83104E+00  0.17751E+01
  0.45010E-01  0.78225E+00  0.12249E+01 -0.82937E+00  0.18160E+01
  0.45010E-01  0.79000E+00  0.11680E+01 -0.83624E+00  0.18838E+01
  0.45010E-01  0.79775E+00  0.11242E+01 -0.84357E+00  0.19355E+01
  0.45010E-01  0.80225E+00  0.11094E+01 -0.84087E+00  0.19666E+01
  0.45010E-01  0.81000E+00  0.10767E+01 -0.86370E+00  0.19728E+01
  0.45010E-01  0.81775E+00  0.10435E+01 -0.88722E+00  0.19763E+01
  0.45010E-01  0.82225E+00  0.10317E+01 -0.89259E+00  0.19557E+01
  0.45010E-01  0.83000E+00  0.10153E+01 -0.88650E+00  0.18954E+01
  0.45010E-01  0.83775E+00  0.99039E+00 -0.88533E+00  0.18357E+01
  0.45010E-01  0.84225E+00  0.97009E+00 -0.86737E+00  0.17869E+01
  0.45010E-01  0.85000E+00  0.94591E+00 -0.83573E+00  0.17097E+01
  0.45010E-01  0.85775E+00  0.91849E+00 -0.80186E+00  0.16309E+01
  0.45010E-01  0.86225E+00  0.90027E+00 -0.77861E+00  0.15834E+01
  0.45010E-01  0.87000E+00  0.87513E+00 -0.72374E+00  0.15100E+01
  0.45010E-01  0.87775E+00  0.85064E+00 -0.66525E+00  0.14284E+01
  0.45010E-01  0.88225E+00  0.82974E+00 -0.62809E+00  0.13946E+01
  0.45010E-01  0.89000E+00  0.80505E+00 -0.56821E+00  0.13197E+01
  0.45010E-01  0.89775E+00  0.78036E+00 -0.50440E+00  0.12326E+01
  0.45010E-01  0.90225E+00  0.75629E+00 -0.46117E+00  0.12100E+01
  0.45010E-01  0.91000E+00  0.73216E+00 -0.40293E+00  0.11441E+01
  0.45010E-01  0.91775E+00  0.70839E+00 -0.34245E+00  0.10677E+01
  0.45010E-01  0.92225E+00  0.68742E+00 -0.30166E+00  0.10492E+01
  0.45010E-01  0.93000E+00  0.66490E+00 -0.24969E+00  0.10008E+01
  0.45010E-01  0.93775E+00  0.64394E+00 -0.19842E+00  0.94820E+00
  0.45010E-01  0.94225E+00  0.62756E+00 -0.16724E+00  0.93131E+00
  0.45010E-01  0.95000E+00  0.59886E+00 -0.12175E+00  0.91930E+00
  0.45010E-01  0.95775E+00  0.57430E+00 -0.84126E-01  0.91581E+00
  0.45010E-01  0.96225E+00  0.56362E+00 -0.75473E-01  0.90977E+00
  0.45010E-01  0.97000E+00  0.55229E+00 -0.46786E-01  0.92335E+00
  0.45010E-01  0.97775E+00  0.54100E+00 -0.16819E-01  0.93589E+00
  0.45010E-01  0.98225E+00  0.53952E+00 -0.64665E-02  0.94473E+00
  0.45010E-01  0.99000E+00  0.53941E+00 -0.25353E-02  0.94502E+00
  0.45010E-01  0.99775E+00  0.53956E+00  0.14101E-02  0.94471E+00
  0.60010E-01  0.22540E-02  0.53126E+00 -0.16586E-02  0.91106E+00
  0.60010E-01  0.10000E-01  0.53152E+00  0.29680E-02  0.91063E+00
  0.60010E-01  0.17746E-01  0.53153E+00  0.76015E-02  0.91046E+00
  0.60010E-01  0.22254E-01  0.53048E+00  0.18678E-01  0.90146E+00
  0.60010E-01  0.30000E-01  0.53544E+00  0.33431E-01  0.89534E+00
  0.60010E-01  0.37746E-01  0.53940E+00  0.44805E-01  0.88568E+00
  0.60010E-01  0.42254E-01  0.54398E+00  0.44791E-01  0.87930E+00
  0.60010E-01  0.50000E-01  0.56309E+00  0.65140E-01  0.87646E+00
  0.60010E-01  0.57746E-01  0.58698E+00  0.84869E-01  0.86474E+00
  0.60010E-01  0.62254E-01  0.59970E+00  0.98339E-01  0.86565E+00
  0.60010E-01  0.70000E-01  0.61342E+00  0.12518E+00  0.88807E+00
  0.60010E-01  0.77746E-01  0.62844E+00  0.15415E+00  0.91156E+00
  0.60010E-01  0.82254E-01  0.63966E+00  0.17538E+00  0.92455E+00
  0.60010E-01  0.90000E-01  0.65331E+00  0.21242E+00  0.96625E+00
  0.60010E-01  0.97746E-01  0.66857E+00  0.25154E+00  0.10083E+01
  0.60010E-01  0.10225E+00  0.68064E+00  0.27598E+00  0.10325E+01
  0.60010E-01  0.11000E+00  0.70000E+00  0.32039E+00  0.10826E+01
  0.60010E-01  0.11775E+00  0.72193E+00  0.36693E+00  0.11335E+01
  0.60010E-01  0.12225E+00  0.73732E+00  0.39132E+00  0.11659E+01
  0.60010E-01  0.13000E+00  0.76151E+00  0.43731E+00  0.12224E+01
  0.60010E-01  0.13775E+00  0.78390E+00  0.48727E+00  0.12871E+01
  0.60010E-01  0.14225E+00  0.80525E+00  0.50239E+00  0.13353E+01
  0.60010E-01  0.15000E+00  0.84349E+00  0.53484E+00  0.14021E+01
  0.60010E-01  0.15775E+00  0.87529E+00  0.57567E+00  0.14648E+01
  0.60010E-01  0.16225E+00  0.89421E+00  0.59569E+00  0.15011E+01
  0.60010E-01  0.17000E+00  0.92722E+00  0.63016E+00  0.15609E+01
  0.60010E-01  0.17775E+00  0.94823E+00  0.66749E+00  0.16278E+01
  0.60010E-01  0.18225E+00  0.96174E+00  0.68235E+00  0.16675E+01
  0.60010E-01  0.19000E+00  0.10091E+01  0.70276E+00  0.16969E+01
  0.60010E-01  0.19775E+00  0.10565E+01  0.72166E+00  0.17231E+01
  0.60010E-01  0.20225E+00  0.10756E+01  0.74022E+00  0.17324E+01
  0.60010E-01  0.21000E+00  0.11063E+01  0.76250E+00  0.17513E+01
  0.60010E-01  0.21775E+00  0.11470E+01  0.77598E+00  0.17451E+01
  0.60010E-01  0.22225E+00  0.11725E+01  0.78353E+00  0.17316E+01
  0.60010E-01  0.23000E+00  0.12181E+01  0.79526E+00  0.16984E+01
  0.60010E-01  0.23775E+00  0.12708E+01  0.80490E+00  0.16555E+01
  0.60010E-01  0.24225E+00  0.13049E+01  0.80989E+00  0.16277E+01
  0.60010E-01  0.25000E+00  0.13616E+01  0.82061E+00  0.15841E+01
  0.60010E-01  0.25775E+00  0.14127E+01  0.83000E+00  0.15448E+01
  0.60010E-01  0.26225E+00  0.14387E+01  0.83948E+00  0.15273E+01
  0.60010E-01  0.27000E+00  0.14675E+01  0.84276E+00  0.14910E+01
  0.60010E-01  0.27775E+00  0.14964E+01  0.84578E+00  0.14556E+01
  0.60010E-01  0.28225E+00  0.15104E+01  0.84579E+00  0.14391E+01
  0.60010E-01  0.29000E+00  0.15218E+01  0.84340E+00  0.14224E+01
  0.60010E-01  0.29775E+00  0.15309E+01  0.84078E+00  0.14086E+01
  0.60010E-01  0.30225E+00  0.15359E+01  0.83636E+00  0.13997E+01
  0.60010E-01  0.31000E+00  0.15230E+01  0.81330E+00  0.13769E+01
  0.60010E-01  0.31775E+00  0.15097E+01  0.78985E+00  0.13527E+01
  0.60010E-01  0.32225E+00  0.15019E+01  0.78590E+00  0.13569E+01
  0.60010E-01  0.33000E+00  0.14300E+01  0.68598E+00  0.12717E+01
  0.60010E-01  0.33775E+00  0.13577E+01  0.57498E+00  0.11536E+01
  0.60010E-01  0.34225E+00  0.12735E+01  0.47577E+00  0.10632E+01
  0.60010E-01  0.35000E+00  0.11561E+01  0.30639E+00  0.83875E+00
  0.60010E-01  0.35775E+00  0.10513E+01  0.12013E+00  0.51800E+00
  0.60010E-01  0.36225E+00  0.10073E+01  0.32009E-01  0.39189E+00
  0.60010E-01  0.37000E+00  0.10046E+01  0.35141E-01  0.35853E+00
  0.60010E-01  0.37775E+00  0.10119E+01  0.35229E-01  0.31877E+00
  0.60010E-01  0.38225E+00  0.10132E+01  0.25068E-01  0.30476E+00
  0.60010E-01  0.39000E+00  0.10054E+01  0.15340E-01  0.28947E+00
  0.60010E-01  0.39775E+00  0.10033E+01  0.10831E-01  0.27611E+00
  0.60010E-01  0.40225E+00  0.10035E+01  0.88051E-02  0.27118E+00
  0.60010E-01  0.41000E+00  0.10022E+01  0.58410E-02  0.26549E+00
  0.60010E-01  0.41775E+00  0.10013E+01  0.41894E-02  0.26093E+00
  0.60010E-01  0.42225E+00  0.10012E+01  0.34578E-02  0.25907E+00
  0.60010E-01  0.43000E+00  0.10008E+01  0.23784E-02  0.25669E+00
  0.60010E-01  0.43775E+00  0.10005E+01  0.16880E-02  0.25485E+00
  0.60010E-01  0.44225E+00  0.10004E+01  0.13888E-02  0.25407E+00
  0.60010E-01  0.45000E+00  0.10003E+01  0.98543E-03  0.25304E+00
  0.60010E-01  0.45775E+00  0.10002E+01  0.70274E-03  0.25228E+00
  0.60010E-01  0.46225E+00  0.10002E+01  0.57492E-03  0.25195E+00
  0.60010E-01  0.47000E+00  0.10001E+01  0.39574E-03  0.25150E+00
  0.60010E-01  0.47775E+00  0.10001E+01  0.26125E-03  0.25119E+00
  0.60010E-01  0.48225E+00  0.10001E+01  0.19905E-03  0.25107E+00
  0.60010E-01  0.49000E+00  0.10001E+01  0.10554E-03  0.25093E+00
  0.60010E-01  0.49775E+00  0.10001E+01  0.22730E-04  0.25086E+00
  0.60010E-01  0.50225E+00  0.10001E+01 -0.22730E-04  0.25086E+00
  0.60010E-01  0.51000E+00  0.10001E+01 -0.10554E-03  0.25093E+00
  0.60010E-01  0.51775E+00  0.10001E+01 -0.19905E-03  0.25107E+00
  0.60010E-01  0.52225E+00  0.10001E+01 -0.26125E-03  0.25119E+00
  0.60010E-01  0.53000E+00  0.10001E+01 -0.39574E-03  0.25150E+00
  0.60010E-01  0.53775E+00  0.10002E+01 -0.57492E-03  0.25195E+00
  0.60010E-01  0.54225E+00  0.10002E+01 -0.70274E-03  0.25228E+00
  0.60010E-01  0.55000E+00  0.10003E+01 -0.98543E-03  0.25304E+00
  0.60010E-01  0.55775E+00  0.10004E+01 -0.13888E-02  0.25407E+00
  0.60010E-01  0.56225E+00  0.10005E+01 -0.16880E-02  0.25485E+00
  0.60010E-01  0.57000E+00  0.10008E+01 -0.23784E-02  0.25669E+00
  0.60010E-01  0.57775E+00  0.10012E+01 -0.34578E-02  0.25907E+00
  0.60010E-01  0.58225E+00  0.10013E+01 -0.41894E-02  0.26093E+00
  0.60010E-01  0.59000E+00  0.10022E+01 -0.58410E-02  0.26549E+00
  0.60010E-01  0.59775E+00  0.10035E+01 -0.88051E-02  0.27118E+00
  0.60010E-01  0.60225E+00  0.10033E+01 -0.10831E-01  0.27611E+00
  0.60010E-01  0.61000E+00  0.10054E+01 -0.15340E-01  0.28947E+00
  0.60010E-01  0.61775E+00  0.10132E+01 -0.25068E-01  0.30476E+00
  0.60010E-01  0.62225E+00  0.10119E+01 -0.35229E-01  0.31877E+00
  0.60010E-01  0.63000E+00  0.10046E+01 -0.35141E-01  0.35853E+00
  0.60010E-01  0.63775E+00  0.10073E+01 -0.32009E-01  0.39189E+00
  0.60010E-01  0.64225E+00  0.10513E+01 -0.12013E+00  0.51800E+00
  0.60010E-01  0.65000E+00  0.11561E+01 -0.30639E+00  0.83875E+00
  0.60010E-01  0.65775E+00  0.12735E+01 -0.47577E+00  0.10632E+01
  0.60010E-01  0.66225E+00  0.13577E+01 -0.57498E+00  0.11536E+01
  0.60010E-01  0.67000E+00  0.14300E+01 -0.68598E+00  0.12717E+01
  0.60010E-01  0.67775E+00  0.15019E+01 -0.78590E+00  0.13569E+01
  0.60010E-01  0.68225E+00  0.15097E+01 -0.78985E+00  0.13527E+01
  0.60010E-01  0.69000E+00  0.15230E+01 -0.81330E+00  0.13769E+01
  0.60010E-01  0.69775E+00  0.15359E+01 -0.83636E+00  0.13997E+01
  0.60010E-01  0.70225E+00  0.15309E+01 -0.84078E+00  0.14086E+01
  0.60010E-01  0.71000E+00  0.15218E+01 -0.84340E+00  0.14224E+01
  0.60010E-01  0.71775E+00  0.15104E+01 -0.84579E+00  0.14391E+01
  0.60010E-01  0.72225E+00  0.14964E+01 -0.84578E+00  0.14556E+01
  0.60010E-01  0.73000E+00  0.14675E+01 -0.84276E+00  0.14910E+01
  0.60010E-01  0.73775E+00  0.14387E+01 -0.83948E+00  0.15273E+01
  0.60010E-01  0.74225E+00  0.14127E+01 -0.83000E+00  0.15448E+01
  0.60010E-01  0.75000E+00  0.13616E+01 -0.82061E+00  0.15841E+01
  0.60010E-01  0.75775E+00  0.13049E+01 -0.80989E+00  0.16277E+01
  0.60010E-01  0.76225E+00  0.12708E+01 -0.80490E+00  0.16555E+01
  0.60010E-01  0.77000E+00  0.12181E+01 -0.79526E+00  0.16984E+01
  0.60010E-01  0.77775E+00  0.11725E+01 -0.78353E+00  0.17316E+01
  0.60010E-01  0.78225E+00  0.11470E+01 -0.77598E+00  0.17451E+01
  0.60010E-01  0.79000E+00  0.11063E+01 -0.76250E+00  0.17513E+01
  0.60010E-01  0.79775E+00  0.10756E+01 -0.74022E+00  0.17324E+01
  0.60010E-01  0.80225E+00  0.10565E+01 -0.72166E+00  0.17231E+01
  0.60010E-01  0.81000E+00  0.10091E+01 -0.70276E+00  0.16969E+01
  0.60010E-01  0.81775E+00  0.96174E+00 -0.68235E+00  0.16675E+01
  0.60010E-01  0.82225E+00  0.94823E+00 -0.66749E+00  0.16278E+01
  0.60010E-01  0.83000E+00  0.92722E+00 -0.63016E+00  0.15609E+01
  0.60010E-01  0.83775E+00  0.89421E+00 -0.59569E+00  0.15011E+01
  0.60010E-01  0.84225E+00  0.87529E+00 -0.57567E+00  0.14648E+01
  0.60010E-01  0.85000E+00  0.84349E+00 -0.53484E+00  0.14021E+01
  0.60010E-01  0.85775E+00  0.80525E+00 -0.50239E+00  0.13353E+01
  0.60010E-01  0.86225E+00  0.78390E+00 -0.48727E+00  0.12871E+01
  0.60010E-01  0.87000E+00  0.76151E+00 -0.43731E+00  0.12224E+01
  0.60010E-01  0.87775E+00  0.73732E+00 -0.39132E+00  0.11659E+01
  0.60010E-01  0.88225E+00  0.72193E+00 -0.36693E+00  0.11335E+01
  0.60010E-01  0.89000E+00  0.70000E+00 -0.32039E+00  0.10826E+01
  0.60010E-01  0.89775E+00  0.68064E+00 -0.27598E+00  0.10325E+01
  0.60010E-01  0.90225E+00  0.66857E+00 -0.25154E+00  0.10083E+01
  0.60010E-01  0.91000E+00  0.65331E+00 -0.21242E+00  0.96625E+00
  0.60010E-01  0.91775E+00  0.63966E+00 -0.17538E+00  0.92455E+00
  0.60010E-01  0.92225E+00  0.62844E+00 -0.15415E+00  0.91156E+00
  0.60010E-01  0.93000E+00  0.61342E+00 -0.12518E+00  0.88807E+00
  0.60010E-01  0.93775E+00  0.59970E+00 -0.98339E-01  0.86565E+00
  0.60010E-01  0.94225E+00  0.58698E+00 -0.84869E-01  0.86474E+00
  0.60010E-01  0.95000E+00  0.56309E+00 -0.65140E-01  0.87646E+00
  0.60010E-01  0.95775E+00  0.54398E+00 -0.44791E-01  0.87930E+00
  0.60010E-01  0.96225E+00  0.53940E+00 -0.44805E-01  0.88568E+00
  0.60010E-01  0.97000E+00  0.53544E+00 -0.33431E-01  0.89534E+00
  0.60010E-01  0.97775E+00  0.53048E+00 -0.18678E-01  0.90146E+00
  0.60010E-01  0.98225E+00  0.53153E+00 -0.76015E-02  0.91046E+00
  0.60010E-01  0.99000E+00  0.53152E+00 -0.29680E-02  0.91063E+00
  0.60010E-01  0.99775E+00  0.53126E+00  0.16586E-02  0.91106E+00
  0.75010E-01  0.22540E-02  0.52262E+00 -0.12928E-02  0.87378E+00
  0.75010E-01  0.10000E-01  0.52262E+00  0.23241E-02  0.87379E+00
  0.75010E-01  0.17746E-01  0.52268E+00  0.59244E-02  0.87363E+00
  0.75010E-01  0.22254E-01  0.52311E+00  0.10850E-01  0.87265E+00
  0.75010E-01  0.30000E-01  0.52749E+00  0.18676E-01  0.87738E+00
  0.75010E-01  0.37746E-01  0.53046E+00  0.21572E-01  0.87734E+00
  0.75010E-01  0.42254E-01  0.53450E+00  0.18805E-01  0.87276E+00
  0.75010E-01  0.50000E-01  0.55080E+00  0.29728E-01  0.86599E+00
  0.75010E-01  0.57746E-01  0.56835E+00  0.39902E-01  0.85781E+00
  0.75010E-01  0.62254E-01  0.57695E+00  0.46145E-01  0.85703E+00
  0.75010E-01  0.70000E-01  0.58743E+00  0.60353E-01  0.86222E+00
  0.75010E-01  0.77746E-01  0.59822E+00  0.76583E-01  0.87176E+00
  0.75010E-01  0.82254E-01  0.60388E+00  0.86909E-01  0.88036E+00
  0.75010E-01  0.90000E-01  0.61314E+00  0.10681E+00  0.89954E+00
  0.75010E-01  0.97746E-01  0.62433E+00  0.13065E+00  0.92246E+00
  0.75010E-01  0.10225E+00  0.63223E+00  0.14378E+00  0.93973E+00
  0.75010E-01  0.11000E+00  0.64590E+00  0.16747E+00  0.97406E+00
  0.75010E-01  0.11775E+00  0.66088E+00  0.19533E+00  0.10126E+01
  0.75010E-01  0.12225E+00  0.67429E+00  0.20756E+00  0.10390E+01
  0.75010E-01  0.13000E+00  0.69846E+00  0.23268E+00  0.10825E+01
  0.75010E-01  0.13775E+00  0.71869E+00  0.26164E+00  0.11293E+01
  0.75010E-01  0.14225E+00  0.73310E+00  0.27765E+00  0.11548E+01
  0.75010E-01  0.15000E+00  0.76261E+00  0.30904E+00  0.11938E+01
  0.75010E-01  0.15775E+00  0.78820E+00  0.34445E+00  0.12369E+01
  0.75010E-01  0.16225E+00  0.80463E+00  0.36447E+00  0.12613E+01
  0.75010E-01  0.17000E+00  0.83521E+00  0.40073E+00  0.12991E+01
  0.75010E-01  0.17775E+00  0.86121E+00  0.44023E+00  0.13399E+01
  0.75010E-01  0.18225E+00  0.87625E+00  0.46154E+00  0.13650E+01
  0.75010E-01  0.19000E+00  0.90672E+00  0.49386E+00  0.13998E+01
  0.75010E-01  0.19775E+00  0.94435E+00  0.52597E+00  0.14238E+01
  0.75010E-01  0.20225E+00  0.96603E+00  0.54747E+00  0.14344E+01
  0.75010E-01  0.21000E+00  0.10022E+01  0.58378E+00  0.14578E+01
  0.75010E-01  0.21775E+00  0.10419E+01  0.61482E+00  0.14785E+01
  0.75010E-01  0.22225E+00  0.10654E+01  0.63246E+00  0.14873E+01
  0.75010E-01  0.23000E+00  0.11076E+01  0.66143E+00  0.14962E+01
  0.75010E-01  0.23775E+00  0.11543E+01  0.68820E+00  0.14971E+01
  0.75010E-01  0.24225E+00  0.11836E+01  0.70279E+00  0.14945E+01
  0.75010E-01  0.25000E+00  0.12353E+01  0.72754E+00  0.14853E+01
  0.75010E-01  0.25775E+00  0.12883E+01  0.75131E+00  0.14713E+01
  0.75010E-01  0.26225E+00  0.13193E+01  0.76482E+00  0.14617E+01
  0.75010E-01  0.27000E+00  0.13696E+01  0.78564E+00  0.14487E+01
  0.75010E-01  0.27775E+00  0.14170E+01  0.80470E+00  0.14378E+01
  0.75010E-01  0.28225E+00  0.14448E+01  0.82155E+00  0.14329E+01
  0.75010E-01  0.29000E+00  0.14781E+01  0.83134E+00  0.14197E+01
  0.75010E-01  0.29775E+00  0.15070E+01  0.84080E+00  0.14105E+01
  0.75010E-01  0.30225E+00  0.15201E+01  0.84394E+00  0.14027E+01
  0.75010E-01  0.31000E+00  0.15351E+01  0.84419E+00  0.13882E+01
  0.75010E-01  0.31775E+00  0.15495E+01  0.84421E+00  0.13752E+01
  0.75010E-01  0.32225E+00  0.15564E+01  0.84258E+00  0.13658E+01
  0.75010E-01  0.33000E+00  0.15524E+01  0.83681E+00  0.13581E+01
  0.75010E-01  0.33775E+00  0.15481E+01  0.83101E+00  0.13506E+01
  0.75010E-01  0.34225E+00  0.15481E+01  0.82558E+00  0.13492E+01
  0.75010E-01  0.35000E+00  0.15297E+01  0.78654E+00  0.13194E+01
  0.75010E-01  0.35775E+00  0.15111E+01  0.74644E+00  0.12857E+01
  0.75010E-01  0.36225E+00  0.14731E+01  0.71642E+00  0.12669E+01
  0.75010E-01  0.37000E+00  0.13925E+01  0.62426E+00  0.11885E+01
  0.75010E-01  0.37775E+00  0.12766E+01  0.45816E+00  0.99802E+00
  0.75010E-01  0.38225E+00  0.11552E+01  0.29795E+00  0.82645E+00
  0.75010E-01  0.39000E+00  0.10877E+01  0.18615E+00  0.64003E+00
  0.75010E-01  0.39775E+00  0.10209E+01  0.60409E-01  0.40046E+00
  0.75010E-01  0.40225E+00  0.99919E+00  0.16086E-01  0.33578E+00
  0.75010E-01  0.41000E+00  0.99833E+00  0.21682E-01  0.31917E+00
  0.75010E-01  0.41775E+00  0.10078E+01  0.21970E-01  0.29668E+00
  0.75010E-01  0.42225E+00  0.10102E+01  0.18206E-01  0.28824E+00
  0.75010E-01  0.43000E+00  0.10046E+01  0.12102E-01  0.27802E+00
  0.75010E-01  0.43775E+00  0.10030E+01  0.84105E-02  0.26913E+00
  0.75010E-01  0.44225E+00  0.10030E+01  0.68780E-02  0.26574E+00
  0.75010E-01  0.45000E+00  0.10020E+01  0.48148E-02  0.26179E+00
  0.75010E-01  0.45775E+00  0.10013E+01  0.34503E-02  0.25868E+00
  0.75010E-01  0.46225E+00  0.10012E+01  0.27854E-02  0.25743E+00
  0.75010E-01  0.47000E+00  0.10009E+01  0.18606E-02  0.25587E+00
  0.75010E-01  0.47775E+00  0.10008E+01  0.12938E-02  0.25459E+00
  0.75010E-01  0.48225E+00  0.10009E+01  0.98574E-03  0.25413E+00
  0.75010E-01  0.49000E+00  0.10005E+01  0.59198E-03  0.25380E+00
  0.75010E-01  0.49775E+00  0.99994E+00  0.14757E-03  0.25355E+00
  0.75010E-01  0.50225E+00  0.99994E+00 -0.14757E-03  0.25355E+00
  0.75010E-01  0.51000E+00  0.10005E+01 -0.59198E-03  0.25380E+00
  0.75010E-01  0.51775E+00  0.10009E+01 -0.98574E-03  0.25413E+00
  0.75010E-01  0.52225E+00  0.10008E+01 -0.12938E-02  0.25459E+00
  0.75010E-01  0.53000E+00  0.10009E+01 -0.18606E-02  0.25587E+00
  0.75010E-01  0.53775E+00  0.10012E+01 -0.27854E-02  0.25743E+00
  0.75010E-01  0.54225E+00  0.10013E+01 -0.34503E-02  0.25868E+00
  0.75010E-01  0.55000E+00  0.10020E+01 -0.48148E-02  0.26179E+00
  0.75010E-01  0.55775E+00  0.10030E+01 -0.68780E-02  0.26574E+00
  0.75010E-01  0.56225E+00  0.10030E+01 -0.84105E-02  0.26913E+00
  0.75010E-01  0.57000E+00  0.10046E+01 -0.12102E-01  0.27802E+00
  0.75010E-01  0.57775E+00  0.10102E+01 -0.18206E-01  0.28824E+00
  0.75010E-01  0.58225E+00  0.10078E+01 -0.21970E-01  0.29668E+00
  0.75010E-01  0.59000E+00  0.99833E+00 -0.21682E-01  0.31917E+00
  0.75010E-01  0.59775E+00  0.99919E+00 -0.16086E-01  0.33578E+00
  0.75010E-01  0.60225E+00  0.10209E+01 -0.60409E-01  0.40046E+00
  0.75010E-01  0.61000E+00  0.10877E+01 -0.18615E+00  0.64003E+00
  0.75010E-01  0.61775E+00  0.11552E+01 -0.29795E+00  0.82645E+00
  0.75010E-01  0.62225E+00  0.12766E+01 -0.45816E+00  0.99802E+00
  0.75010E-01  0.63000E+00  0.13925E+01 -0.62426E+00  0.11885E+01
  0.75010E-01  0.63775E+00  0.14731E+01 -0.71642E+00  0.12669E+01
  0.75010E-01  0.64225E+00  0.15111E+01 -0.74644E+00  0.12857E+01
  0.75010E-01  0.65000E+00  0.15297E+01 -0.78654E+00  0.13194E+01
  0.75010E-01  0.65775E+00  0.15481E+01 -0.82558E+00  0.13492E+01
  0.75010E-01  0.66225E+00  0.15481E+01 -0.83101E+00  0.13506E+01
  0.75010E-01  0.67000E+00  0.15524E+01 -0.83681E+00  0.13581E+01
  0.75010E-01  0.67775E+00  0.15564E+01 -0.84258E+00  0.13658E+01
  0.75010E-01  0.68225E+00  0.15495E+01 -0.84421E+00  0.13752E+01
  0.75010E-01  0.69000E+00  0.15351E+01 -0.84419E+00  0.13882E+01
  0.75010E-01  0.69775E+00  0.15201E+01 -0.84394E+00  0.14027E+01
  0.75010E-01  0.70225E+00  0.15070E+01 -0.84080E+00  0.14105E+01
  0.75010E-01  0.71000E+00  0.14781E+01 -0.83134E+00  0.14197E+01
  0.75010E-01  0.71775E+00  0.14448E+01 -0.82155E+00  0.14329E+01
  0.75010E-01  0.72225E+00  0.14170E+01 -0.80470E+00  0.14378E+01
  0.75010E-01  0.73000E+00  0.13696E+01 -0.78564E+00  0.14487E+01
  0.75010E-01  0.73775E+00  0.13193E+01 -0.76482E+00  0.14617E+01
  0.75010E-01  0.74225E+00  0.12883E+01 -0.75131E+00  0.14713E+01
  0.75010E-01  0.75000E+00  0.12353E+01 -0.72754E+00  0.14853E+01
  0.75010E-01  0.75775E+00  0.11836E+01 -0.70279E+00  0.14945E+01
  0.75010E-01  0.76225E+00  0.11543E+01 -0.68820E+00  0.14971E+01
  0.75010E-01  0.77000E+00  0.11076E+01 -0.66143E+00  0.14962E+01
  0.75010E-01  0.77775E+00  0.10654E+01 -0.63246E+00  0.14873E+01
  0.75010E-01  0.78225E+00  0.10419E+01 -0.61482E+00  0.14785E+01
  0.75010E-01  0.79000E+00  0.10022E+01 -0.58378E+00  0.14578E+01
  0.75010E-01  0.79775E+00  0.96603E+00 -0.54747E+00  0.14344E+01
  0.75010E-01  0.80225E+00  0.94435E+00 -0.52597E+00  0.14238E+01
  0.75010E-01  0.81000E+00  0.90672E+00 -0.49386E+00  0.13998E+01
  0.75010E-01  0.81775E+00  0.87625E+00 -0.46154E+00  0.13650E+01
  0.75010E-01  0.82225E+00  0.86121E+00 -0.44023E+00  0.13399E+01
  0.75010E-01  0.83000E+00  0.83521E+00 -0.40073E+00  0.12991E+01
  0.75010E-01  0.83775E+00  0.80463E+00 -0.36447E+00  0.12613E+01
  0.75010E-01  0.84225E+00  0.78820E+00 -0.34445E+00  0.12369E+01
  0.75010E-01  0.85000E+00  0.76261E+00 -0.30904E+00  0.11938E+01
  0.75010E-01  0.85775E+00  0.73310E+00 -0.27765E+00  0.11548E+01
  0.75010E-01  0.86225E+00  0.71869E+00 -0.26164E+00  0.11293E+01
  0.75010E-01  0.87000E+00  0.69846E+00 -0.23268E+00  0.10825E+01
  0.75010E-01  0.87775E+00  0.67429E+00 -0.20756E+00  0.10390E+01
  0.75010E-01  0.88225E+00  0.66088E+00 -0.19533E+00  0.10126E+01
  0.75010E-01  0.89000E+00  0.64590E+00 -0.16747E+00  0.97406E+00
  0.75010E-01  0.89775E+00  0.63223E+00 -0.14378E+00  0.93973E+00
  0.75010E-01  0.90225E+00  0.62433E+00 -0.13065E+00  0.92246E+00
  0.75010E-01  0.91000E+00  0.61314E+00 -0.10681E+00  0.89954E+00
  0.75010E-01  0.91775E+00  0.60388E+00 -0.86909E-01  0.88036E+00
  0.75010E-01  0.92225E+00  0.59822E+00 -0.76583E-01  0.87176E+00
  0.75010E-01  0.93000E+00  0.58743E+00 -0.60353E-01  0.86222E+00
  0.75010E-01  0.93775E+00  0.57695E+00 -0.46145E-01  0.85703E+00
  0.75010E-01  0.94225E+00  0.56835E+00 -0.39902E-01  0.85781E+00
  0.75010E-01  0.95000E+00  0.55080E+00 -0.29728E-01  0.86599E+00
  0.75010E-01  0.95775E+00  0.53450E+00 -0.18805E-01  0.87276E+00
  0.75010E-01  0.96225E+00  0.53046E+00 -0.21572E-01  0.87734E+00
  0.75010E-01  0.97000E+00  0.52749E+00 -0.18676E-01  0.87738E+00
  0.75010E-01  0.97775E+00  0.52311E+00 -0.10850E-01  0.87265E+00
  0.75010E-01  0.98225E+00  0.52268E+00 -0.59244E-02  0.87363E+00
  0.75010E-01  0.99000E+00  0.52262E+00 -0.23241E-02  0.87379E+00
  0.75010E-01  0.99775E+00  0.52262E+00  0.12928E-02  0.87378E+00
  0.90010E-01  0.22540E-02  0.52029E+00 -0.70353E-04  0.86787E+00
  0.90010E-01  0.10000E-01  0.52021E+00  0.56345E-03  0.86829E+00
  0.90010E-01  0.17746E-01  0.52038E+00  0.64347E-03  0.86831E+00
  0.90010E-01  0.22254E-01  0.52120E+00  0.42386E-03  0.86797E+00
  0.90010E-01  0.30000E-01  0.52436E+00  0.49356E-03  0.86724E+00
  0.90010E-01  0.37746E-01  0.52752E+00  0.54898E-03  0.86653E+00
  0.90010E-01  0.42254E-01  0.53175E+00 -0.11542E-02  0.86419E+00
  0.90010E-01  0.50000E-01  0.54441E+00  0.26353E-02  0.85935E+00
  0.90010E-01  0.57746E-01  0.55762E+00  0.62793E-02  0.85387E+00
  0.90010E-01  0.62254E-01  0.56403E+00  0.11705E-01  0.85182E+00
  0.90010E-01  0.70000E-01  0.57348E+00  0.21690E-01  0.85563E+00
  0.90010E-01  0.77746E-01  0.58275E+00  0.30115E-01  0.86371E+00
  0.90010E-01  0.82254E-01  0.58757E+00  0.34763E-01  0.87052E+00
  0.90010E-01  0.90000E-01  0.59554E+00  0.42353E-01  0.88598E+00
  0.90010E-01  0.97746E-01  0.60448E+00  0.49857E-01  0.90569E+00
  0.90010E-01  0.10225E+00  0.61084E+00  0.54297E-01  0.91803E+00
  0.90010E-01  0.11000E+00  0.62308E+00  0.64442E-01  0.93982E+00
  0.90010E-01  0.11775E+00  0.63521E+00  0.76826E-01  0.96317E+00
  0.90010E-01  0.12225E+00  0.64361E+00  0.84967E-01  0.97585E+00
  0.90010E-01  0.13000E+00  0.66043E+00  0.10304E+00  0.99682E+00
  0.90010E-01  0.13775E+00  0.67690E+00  0.12506E+00  0.10204E+01
  0.90010E-01  0.14225E+00  0.68760E+00  0.13886E+00  0.10339E+01
  0.90010E-01  0.15000E+00  0.70783E+00  0.16501E+00  0.10560E+01
  0.90010E-01  0.15775E+00  0.72793E+00  0.19429E+00  0.10796E+01
  0.90010E-01  0.16225E+00  0.74059E+00  0.21166E+00  0.10937E+01
  0.90010E-01  0.17000E+00  0.76377E+00  0.24281E+00  0.11175E+01
  0.90010E-01  0.17775E+00  0.78723E+00  0.27617E+00  0.11420E+01
  0.90010E-01  0.18225E+00  0.80122E+00  0.29575E+00  0.11569E+01
  0.90010E-01  0.19000E+00  0.82693E+00  0.32863E+00  0.11820E+01
  0.90010E-01  0.19775E+00  0.85571E+00  0.36146E+00  0.12046E+01
  0.90010E-01  0.20225E+00  0.87356E+00  0.38085E+00  0.12164E+01
  0.90010E-01  0.21000E+00  0.90546E+00  0.41444E+00  0.12350E+01
  0.90010E-01  0.21775E+00  0.93952E+00  0.44803E+00  0.12513E+01
  0.90010E-01  0.22225E+00  0.96024E+00  0.46744E+00  0.12601E+01
  0.90010E-01  0.23000E+00  0.99778E+00  0.50031E+00  0.12740E+01
  0.90010E-01  0.23775E+00  0.10381E+01  0.53211E+00  0.12855E+01
  0.90010E-01  0.24225E+00  0.10630E+01  0.55021E+00  0.12907E+01
  0.90010E-01  0.25000E+00  0.11082E+01  0.58101E+00  0.12972E+01
  0.90010E-01  0.25775E+00  0.11556E+01  0.61118E+00  0.13014E+01
  0.90010E-01  0.26225E+00  0.11842E+01  0.62842E+00  0.13030E+01
  0.90010E-01  0.27000E+00  0.12348E+01  0.65708E+00  0.13048E+01
  0.90010E-01  0.27775E+00  0.12860E+01  0.68443E+00  0.13059E+01
  0.90010E-01  0.28225E+00  0.13138E+01  0.70230E+00  0.13044E+01
  0.90010E-01  0.29000E+00  0.13592E+01  0.73002E+00  0.13054E+01
  0.90010E-01  0.29775E+00  0.14018E+01  0.75604E+00  0.13077E+01
  0.90010E-01  0.30225E+00  0.14270E+01  0.76895E+00  0.13093E+01
  0.90010E-01  0.31000E+00  0.14672E+01  0.79011E+00  0.13153E+01
  0.90010E-01  0.31775E+00  0.15003E+01  0.81092E+00  0.13218E+01
  0.90010E-01  0.32225E+00  0.15239E+01  0.83004E+00  0.13340E+01
  0.90010E-01  0.33000E+00  0.15376E+01  0.83361E+00  0.13294E+01
  0.90010E-01  0.33775E+00  0.15507E+01  0.83670E+00  0.13258E+01
  0.90010E-01  0.34225E+00  0.15594E+01  0.83645E+00  0.13237E+01
  0.90010E-01  0.35000E+00  0.15657E+01  0.83601E+00  0.13187E+01
  0.90010E-01  0.35775E+00  0.15700E+01  0.83591E+00  0.13137E+01
  0.90010E-01  0.36225E+00  0.15726E+01  0.83193E+00  0.13108E+01
  0.90010E-01  0.37000E+00  0.15703E+01  0.81779E+00  0.13066E+01
  0.90010E-01  0.37775E+00  0.15678E+01  0.80366E+00  0.13021E+01
  0.90010E-01  0.38225E+00  0.15576E+01  0.80225E+00  0.12983E+01
  0.90010E-01  0.39000E+00  0.15139E+01  0.74690E+00  0.12647E+01
  0.90010E-01  0.39775E+00  0.14700E+01  0.68810E+00  0.12223E+01
  0.90010E-01  0.40225E+00  0.14168E+01  0.64312E+00  0.11925E+01
  0.90010E-01  0.41000E+00  0.12918E+01  0.49953E+00  0.10580E+01
  0.90010E-01  0.41775E+00  0.11536E+01  0.29615E+00  0.78820E+00
  0.90010E-01  0.42225E+00  0.10558E+01  0.14036E+00  0.58449E+00
  0.90010E-01  0.43000E+00  0.10357E+01  0.89754E-01  0.46674E+00
  0.90010E-01  0.43775E+00  0.10161E+01  0.37849E-01  0.34010E+00
  0.90010E-01  0.44225E+00  0.10107E+01  0.22015E-01  0.31150E+00
  0.90010E-01  0.45000E+00  0.10115E+01  0.25191E-01  0.30382E+00
  0.90010E-01  0.45775E+00  0.10077E+01  0.17305E-01  0.28584E+00
  0.90010E-01  0.46225E+00  0.10040E+01  0.10327E-01  0.27663E+00
  0.90010E-01  0.47000E+00  0.10035E+01  0.72859E-02  0.27060E+00
  0.90010E-01  0.47775E+00  0.10043E+01  0.55016E-02  0.26536E+00
  0.90010E-01  0.48225E+00  0.10044E+01  0.42685E-02  0.26349E+00
  0.90010E-01  0.49000E+00  0.10022E+01  0.25844E-02  0.26215E+00
  0.90010E-01  0.49775E+00  0.10000E+01  0.62812E-03  0.26101E+00
  0.90010E-01  0.50225E+00  0.10000E+01 -0.62812E-03  0.26101E+00
  0.90010E-01  0.51000E+00  0.10022E+01 -0.25844E-02  0.26215E+00
  0.90010E-01  0.51775E+00  0.10044E+01 -0.42685E-02  0.26349E+00
  0.90010E-01  0.52225E+00  0.10043E+01 -0.55016E-02  0.26536E+00
  0.90010E-01  0.53000E+00  0.10035E+01 -0.72859E-02  0.27060E+00
  0.90010E-01  0.53775E+00  0.10040E+01 -0.10327E-01  0.27663E+00
  0.90010E-01  0.54225E+00  0.10077E+01 -0.17305E-01  0.28584E+00
  0.90010E-01  0.55000E+00  0.10115E+01 -0.25191E-01  0.30382E+00
  0.90010E-01  0.55775E+00  0.10107E+01 -0.22015E-01  0.31150E+00
  0.90010E-01  0.56225E+00  0.10161E+01 -0.37849E-01  0.34010E+00
  0.90010E-01  0.57000E+00  0.10357E+01 -0.89754E-01  0.46674E+00
  0.90010E-01  0.57775E+00  0.10558E+01 -0.14036E+00  0.58449E+00
  0.90010E-01  0.58225E+00  0.11536E+01 -0.29615E+00  0.78820E+00
  0.90010E-01  0.59000E+00  0.12918E+01 -0.49953E+00  0.10580E+01
  0.90010E-01  0.59775E+00  0.14168E+01 -0.64312E+00  0.11925E+01
  0.90010E-01  0.60225E+00  0.14700E+01 -0.68810E+00  0.12223E+01
  0.90010E-01  0.61000E+00  0.15139E+01 -0.74690E+00  0.12647E+01
  0.90010E-01  0.61775E+00  0.15576E+01 -0.80225E+00  0.12983E+01
  0.90010E-01  0.62225E+00  0.15678E+01 -0.80366E+00  0.13021E+01
  0.90010E-01  0.63000E+00  0.15703E+01 -0.81779E+00  0.13066E+01
  0.90010E-01  0.63775E+00  0.15726E+01 -0.83193E+00  0.13108E+01
  0.90010E-01  0.64225E+00  0.15700E+01 -0.83591E+00  0.13137E+01
  0.90010E-01  0.65000E+00  0.15657E+01 -0.83601E+00  0.13187E+01
  0.90010E-01  0.65775E+00  0.15594E+01 -0.83645E+00  0.13237E+01
  0.90010E-01  0.66225E+00  0.15507E+01 -0.83670E+00  0.13258E+01
  0.90010E-01  0.67000E+00  0.15376E+01 -0.83361E+00  0.13294E+01
  0.90010E-01  0.67775E+00  0.15239E+01 -0.83004E+00  0.13340E+01
  0.90010E-01  0.68225E+00  0.15003E+01 -0.81092E+00  0.13218E+01
  0.90010E-01  0.69000E+00  0.14672E+01 -0.79011E+00  0.13153E+01
  0.90010E-01  0.69775E+00  0.14270E+01 -0.76895E+00  0.13093E+01
  0.90010E-01  0.70225E+00  0.14018E+01 -0.75604E+00  0.13077E+01
  0.90010E-01  0.71000E+00  0.13592E+01 -0.73002E+00  0.13054E+01
  0.90010E-01  0.71775E+00  0.13138E+01 -0.70230E+00  0.13044E+01
  0.90010E-01  0.72225E+00  0.12860E+01 -0.68443E+00  0.13059E+01
  0.90010E-01  0.73000E+00  0.12348E+01 -0.65708E+00  0.13048E+01
  0.90010E-01  0.73775E+00  0.11842E+01 -0.62842E+00  0.13030E+01
  0.90010E-01  0.74225E+00  0.11556E+01 -0.61118E+00  0.13014E+01
  0.90010E-01  0.75000E+00  0.11082E+01 -0.58101E+00  0.12972E+01
  0.90010E-01  0.75775E+00  0.10630E+01 -0.55021E+00  0.12907E+01
  0.90010E-01  0.76225E+00  0.10381E+01 -0.53211E+00  0.12855E+01
  0.90010E-01  0.77000E+00  0.99778E+00 -0.50031E+00  0.12740E+01
  0.90010E-01  0.77775E+00  0.96024E+00 -0.46744E+00  0.12601E+01
  0.90010E-01  0.78225E+00  0.93952E+00 -0.44803E+00  0.12513E+01
  0.90010E-01  0.79000E+00  0.90546E+00 -0.41444E+00  0.12350E+01
  0.90010E-01  0.79775E+00  0.87356E+00 -0.38085E+00  0.12164E+01
  0.90010E-01  0.80225E+00  0.85571E+00 -0.36146E+00  0.12046E+01
  0.90010E-01  0.81000E+00  0.82693E+00 -0.32863E+00  0.11820E+01
  0.90010E-01  0.81775E+00  0.80122E+00 -0.29575E+00  0.11569E+01
  0.90010E-01  0.82225E+00  0.78723E+00 -0.27617E+00  0.11420E+01
  0.90010E-01  0.83000E+00  0.76377E+00 -0.24281E+00  0.11175E+01
  0.90010E-01  0.83775E+00  0.74059E+00 -0.21166E+00  0.10937E+01
  0.90010E-01  0.84225E+00  0.72793E+00 -0.19429E+00  0.10796E+01
  0.90010E-01  0.85000E+00  0.70783E+00 -0.16501E+00  0.10560E+01
  0.90010E-01  0.85775E+00  0.68760E+00 -0.13886E+00  0.10339E+01
  0.90010E-01  0.86225E+00  0.67690E+00 -0.12506E+00  0.10204E+01
  0.90010E-01  0.87000E+00  0.66043E+00 -0.10304E+00  0.99682E+00
  0.90010E-01  0.87775E+00  0.64361E+00 -0.84967E-01  0.97585E+00
  0.90010E-01  0.88225E+00  0.63521E+00 -0.76826E-01  0.96317E+00
  0.90010E-01  0.89000E+00  0.62308E+00 -0.64442E-01  0.93982E+00
  0.90010E-01  0.89775E+00  0.61084E+00 -0.54297E-01  0.91803E+00
  0.90010E-01  0.90225E+00  0.60448E+00 -0.49857E-01  0.90569E+00
  0.90010E-01  0.91000E+00  0.59554E+00 -0.42353E-01  0.88598E+00
  0.90010E-01  0.91775E+00  0.58757E+00 -0.34763E-01  0.87052E+00
  0.90010E-01  0.92225E+00  0.58275E+00 -0.30115E-01  0.86371E+00
  0.90010E-01  0.93000E+00  0.57348E+00 -0.21690E-01  0.85563E+00
  0.90010E-01  0.93775E+00  0.56403E+00 -0.11705E-01  0.85182E+00
  0.90010E-01  0.94225E+00  0.55762E+00 -0.62793E-02  0.85387E+00
  0.90010E-01  0.95000E+00  0.54441E+00 -0.26353E-02  0.85935E+00
  0.90010E-01  0.95775E+00  0.53175E+00  0.11542E-02  0.86419E+00
  0.90010E-01  0.96225E+00  0.52752E+00 -0.54898E-03  0.86653E+00
  0.90010E-01  0.97000E+00  0.52436E+00 -0.49356E-03  0.86724E+00
  0.90010E-01  0.97775E+00  0.52120E+00 -0.42386E-03  0.86797E+00
  0.90010E-01  0.98225E+00  0.52038E+00 -0.64347E-03  0.86831E+00
  0.90010E-01  0.99000E+00  0.52021E+00 -0.56345E-03  0.86829E+00
  0.90010E-01  0.99775E+00  0.52029E+00  0.70353E-04  0.86787E+00
  0.10001E+00  0.22540E-02  0.52087E+00  0.56765E-03  0.87053E+00
  0.10001E+00  0.10000E-01  0.52053E+00  0.19800E-03  0.87039E+00
  0.10001E+00  0.17746E-01  0.52066E+00 -0.85860E-03  0.87004E+00
  0.10001E+00  0.22254E-01  0.52199E+00 -0.31972E-02  0.87045E+00
  0.10001E+00  0.30000E-01  0.52517E+00 -0.50278E-02  0.86944E+00
  0.10001E+00  0.37746E-01  0.52828E+00 -0.68546E-02  0.86813E+00
  0.10001E+00  0.42254E-01  0.53250E+00 -0.90891E-02  0.86647E+00
  0.10001E+00  0.50000E-01  0.54409E+00 -0.12474E-01  0.86249E+00
  0.10001E+00  0.57746E-01  0.55513E+00 -0.15684E-01  0.85946E+00
  0.10001E+00  0.62254E-01  0.55904E+00 -0.11090E-01  0.85574E+00
  0.10001E+00  0.70000E-01  0.56790E+00 -0.51351E-02  0.85917E+00
  0.10001E+00  0.77746E-01  0.57812E+00 -0.19443E-02  0.86822E+00
  0.10001E+00  0.82254E-01  0.58321E+00  0.68522E-03  0.87515E+00
  0.10001E+00  0.90000E-01  0.59130E+00  0.51981E-02  0.88902E+00
  0.10001E+00  0.97746E-01  0.59990E+00  0.91881E-02  0.90340E+00
  0.10001E+00  0.10225E+00  0.60497E+00  0.12329E-01  0.91104E+00
  0.10001E+00  0.11000E+00  0.61450E+00  0.19871E-01  0.92385E+00
  0.10001E+00  0.11775E+00  0.62466E+00  0.29401E-01  0.93732E+00
  0.10001E+00  0.12225E+00  0.63110E+00  0.36475E-01  0.94445E+00
  0.10001E+00  0.13000E+00  0.64354E+00  0.51642E-01  0.95603E+00
  0.10001E+00  0.13775E+00  0.65701E+00  0.68683E-01  0.96932E+00
  0.10001E+00  0.14225E+00  0.66548E+00  0.79915E-01  0.97704E+00
  0.10001E+00  0.15000E+00  0.68159E+00  0.10193E+00  0.99088E+00
  0.10001E+00  0.15775E+00  0.69878E+00  0.12619E+00  0.10062E+01
  0.10001E+00  0.16225E+00  0.70939E+00  0.14121E+00  0.10154E+01
  0.10001E+00  0.17000E+00  0.72882E+00  0.16839E+00  0.10319E+01
  0.10001E+00  0.17775E+00  0.74942E+00  0.19717E+00  0.10494E+01
  0.10001E+00  0.18225E+00  0.76194E+00  0.21431E+00  0.10600E+01
  0.10001E+00  0.19000E+00  0.78478E+00  0.24408E+00  0.10781E+01
  0.10001E+00  0.19775E+00  0.80982E+00  0.27454E+00  0.10950E+01
  0.10001E+00  0.20225E+00  0.82529E+00  0.29259E+00  0.11044E+01
  0.10001E+00  0.21000E+00  0.85346E+00  0.32398E+00  0.11200E+01
  0.10001E+00  0.21775E+00  0.88389E+00  0.35555E+00  0.11347E+01
  0.10001E+00  0.22225E+00  0.90256E+00  0.37394E+00  0.11428E+01
  0.10001E+00  0.23000E+00  0.93641E+00  0.40538E+00  0.11559E+01
  0.10001E+00  0.23775E+00  0.97271E+00  0.43648E+00  0.11675E+01
  0.10001E+00  0.24225E+00  0.99498E+00  0.45449E+00  0.11733E+01
  0.10001E+00  0.25000E+00  0.10354E+01  0.48533E+00  0.11821E+01
  0.10001E+00  0.25775E+00  0.10783E+01  0.51559E+00  0.11898E+01
  0.10001E+00  0.26225E+00  0.11043E+01  0.53307E+00  0.11936E+01
  0.10001E+00  0.27000E+00  0.11506E+01  0.56346E+00  0.11986E+01
  0.10001E+00  0.27775E+00  0.11987E+01  0.59316E+00  0.12027E+01
  0.10001E+00  0.28225E+00  0.12260E+01  0.61159E+00  0.12041E+01
  0.10001E+00  0.29000E+00  0.12709E+01  0.64277E+00  0.12087E+01
  0.10001E+00  0.29775E+00  0.13152E+01  0.67215E+00  0.12151E+01
  0.10001E+00  0.30225E+00  0.13412E+01  0.68884E+00  0.12189E+01
  0.10001E+00  0.31000E+00  0.13841E+01  0.71529E+00  0.12260E+01
  0.10001E+00  0.31775E+00  0.14231E+01  0.74040E+00  0.12350E+01
  0.10001E+00  0.32225E+00  0.14450E+01  0.75408E+00  0.12399E+01
  0.10001E+00  0.33000E+00  0.14805E+01  0.77541E+00  0.12524E+01
  0.10001E+00  0.33775E+00  0.15114E+01  0.79631E+00  0.12660E+01
  0.10001E+00  0.34225E+00  0.15337E+01  0.81431E+00  0.12787E+01
  0.10001E+00  0.35000E+00  0.15483E+01  0.82225E+00  0.12820E+01
  0.10001E+00  0.35775E+00  0.15611E+01  0.82991E+00  0.12866E+01
  0.10001E+00  0.36225E+00  0.15710E+01  0.82852E+00  0.12906E+01
  0.10001E+00  0.37000E+00  0.15772E+01  0.82557E+00  0.12908E+01
  0.10001E+00  0.37775E+00  0.15812E+01  0.82449E+00  0.12889E+01
  0.10001E+00  0.38225E+00  0.15835E+01  0.82037E+00  0.12882E+01
  0.10001E+00  0.39000E+00  0.15811E+01  0.80994E+00  0.12845E+01
  0.10001E+00  0.39775E+00  0.15752E+01  0.80384E+00  0.12748E+01
  0.10001E+00  0.40225E+00  0.15679E+01  0.79932E+00  0.12760E+01
  0.10001E+00  0.41000E+00  0.15258E+01  0.75717E+00  0.12497E+01
  0.10001E+00  0.41775E+00  0.14837E+01  0.71250E+00  0.12178E+01
  0.10001E+00  0.42225E+00  0.14442E+01  0.67127E+00  0.11988E+01
  0.10001E+00  0.43000E+00  0.13308E+01  0.55012E+00  0.11016E+01
  0.10001E+00  0.43775E+00  0.11913E+01  0.35976E+00  0.86774E+00
  0.10001E+00  0.44225E+00  0.10871E+01  0.19588E+00  0.66858E+00
  0.10001E+00  0.45000E+00  0.10546E+01  0.12243E+00  0.52346E+00
  0.10001E+00  0.45775E+00  0.10226E+01  0.45167E-01  0.35870E+00
  0.10001E+00  0.46225E+00  0.10206E+01  0.34802E-01  0.32741E+00
  0.10001E+00  0.47000E+00  0.10131E+01  0.21420E-01  0.30600E+00
  0.10001E+00  0.47775E+00  0.10054E+01  0.76654E-02  0.28378E+00
  0.10001E+00  0.48225E+00  0.10061E+01  0.62568E-02  0.27895E+00
  0.10001E+00  0.49000E+00  0.10032E+01  0.36428E-02  0.27714E+00
  0.10001E+00  0.49775E+00  0.10001E+01  0.88396E-03  0.27540E+00
  0.10001E+00  0.50225E+00  0.10001E+01 -0.88396E-03  0.27540E+00
  0.10001E+00  0.51000E+00  0.10032E+01 -0.36428E-02  0.27714E+00
  0.10001E+00  0.51775E+00  0.10061E+01 -0.62568E-02  0.27895E+00
  0.10001E+00  0.52225E+00  0.10054E+01 -0.76654E-02  0.28378E+00
  0.10001E+00  0.53000E+00  0.10131E+01 -0.21420E-01  0.30600E+00
  0.10001E+00  0.53775E+00  0.10206E+01 -0.34802E-01  0.32741E+00
  0.10001E+00  0.54225E+00  0.10226E+01 -0.45167E-01  0.35870E+00
  0.10001E+00  0.55000E+00  0.10546E+01 -0.12243E+00  0.52346E+00
  0.10001E+00  0.55775E+00  0.10871E+01 -0.19588E+00  0.66858E+00
  0.10001E+00  0.56225E+00  0.11913E+01 -0.35976E+00  0.86774E+00
  0.10001E+00  0.57000E+00  0.13308E+01 -0.55012E+00  0.11016E+01
  0.10001E+00  0.57775E+00  0.14442E+01 -0.67127E+00  0.11988E+01
  0.10001E+00  0.58225E+00  0.14837E+01 -0.71250E+00  0.12178E+01
  0.10001E+00  0.59000E+00  0.15258E+01 -0.75717E+00  0.12497E+01
  0.10001E+00  0.59775E+00  0.15679E+01 -0.79932E+00  0.12760E+01
  0.10001E+00  0.60225E+00  0.15752E+01 -0.80384E+00  0.12748E+01
  0.10001E+00  0.61000E+00  0.15811E+01 -0.80994E+00  0.12845E+01
  0.10001E+00  0.61775E+00  0.15835E+01 -0.82037E+00  0.12882E+01
  0.10001E+00  0.62225E+00  0.15812E+01 -0.82449E+00  0.12889E+01
  0.10001E+00  0.63000E+00  0.15772E+01 -0.82557E+00  0.12908E+01
  0.10001E+00  0.63775E+00  0.15710E+01 -0.82852E+00  0.12906E+01
  0.10001E+00  0.64225E+00  0.15611E+01 -0.82991E+00  0.12866E+01
  0.10001E+00  0.65000E+00  0.15483E+01 -0.82225E+00  0.12820E+01
  0.10001E+00  0.65775E+00  0.15337E+01 -0.81431E+00  0.12787E+01
  0.10001E+00  0.66225E+00  0.15114E+01 -0.79631E+00  0.12660E+01
  0.10001E+00  0.67000E+00  0.14805E+01 -0.77541E+00  0.12524E+01
  0.10001E+00  0.67775E+00  0.14450E+01 -0.75408E+00  0.12399E+01
  0.10001E+00  0.68225E+00  0.14231E+01 -0.74040E+00  0.12350E+01
  0.10001E+00  0.69000E+00  0.13841E+01 -0.71529E+00  0.12260E+01
  0.10001E+00  0.69775E+00  0.13412E+01 -0.68884E+00  0.12189E+01
  0.10001E+00  0.70225E+00  0.13152E+01 -0.67215E+00  0.12151E+01
  0.10001E+00  0.71000E+00  0.12709E+01 -0.64277E+00  0.12087E+01
  0.10001E+00  0.71775E+00  0.12260E+01 -0.61159E+00  0.12041E+01
  0.10001E+00  0.72225E+00  0.11987E+01 -0.59316E+00  0.12027E+01
  0.10001E+00  0.73000E+00  0.11506E+01 -0.56346E+00  0.11986E+01
  0.10001E+00  0.73775E+00  0.11043E+01 -0.53307E+00  0.11936E+01
  0.10001E+00  0.74225E+00  0.10783E+01 -0.51559E+00  0.11898E+01
  0.10001E+00  0.75000E+00  0.10354E+01 -0.48533E+00  0.11821E+01
  0.10001E+00  0.75775E+00  0.99498E+00 -0.45449E+00  0.11733E+01
  0.10001E+00  0.76225E+00  0.97271E+00 -0.43648E+00  0.11675E+01
  0.10001E+00  0.77000E+00  0.93641E+00 -0.40538E+00  0.11559E+01
  0.10001E+00  0.77775E+00  0.90256E+00 -0.37394E+00  0.11428E+01
  0.10001E+00  0.78225E+00  0.88389E+00 -0.35555E+00  0.11347E+01
  0.10001E+00  0.79000E+00  0.85346E+00 -0.32398E+00  0.11200E+01
  0.10001E+00  0.79775E+00  0.82529E+00 -0.29259E+00  0.11044E+01
  0.10001E+00  0.80225E+00  0.80982E+00 -0.27454E+00  0.10950E+01
  0.10001E+00  0.81000E+00  0.78478E+00 -0.24408E+00  0.10781E+01
  0.10001E+00  0.81775E+00  0.76194E+00 -0.21431E+00  0.10600E+01
  0.10001E+00  0.82225E+00  0.74942E+00 -0.19717E+00  0.10494E+01
  0.10001E+00  0.83000E+00  0.72882E+00 -0.16839E+00  0.10319E+01
  0.10001E+00  0.83775E+00  0.70939E+00 -0.14121E+00  0.10154E+01
  0.10001E+00  0.84225E+00  0.69878E+00 -0.12619E+00  0.10062E+01
  0.10001E+00  0.85000E+00  0.68159E+00 -0.10193E+00  0.99088E+00
  0.10001E+00  0.85775E+00  0.66548E+00 -0.79915E-01  0.97704E+00
  0.10001E+00  0.86225E+00  0.65701E+00 -0.68683E-01  0.96932E+00
  0.10001E+00  0.87000E+00  0.64354E+00 -0.51642E-01  0.95603E+00
  0.10001E+00  0.87775E+00  0.63110E+00 -0.36475E-01  0.94445E+00
  0.10001E+00  0.88225E+00  0.62466E+00 -0.29401E-01  0.93732E+00
  0.10001E+00  0.89000E+00  0.61450E+00 -0.19871E-01  0.92385E+00
  0.10001E+00  0.89775E+00  0.60497E+00 -0.12329E-01  0.91104E+00
  0.10001E+00  0.90225E+00  0.59990E+00 -0.91881E-02  0.90340E+00
  0.10001E+00  0.91000E+00  0.59130E+00 -0.51981E-02  0.88902E+00
  0.10001E+00  0.91775E+00  0.58321E+00 -0.68522E-03  0.87515E+00
  0.10001E+00  0.92225E+00  0.57812E+00  0.19443E-02  0.86822E+00
  0.10001E+00  0.93000E+00  0.56790E+00  0.51351E-02  0.85917E+00
  0.10001E+00  0.93775E+00  0.55904E+00  0.11090E-01  0.85574E+00
  0.10001E+00  0.94225E+00  0.55513E+00  0.15684E-01  0.85946E+00
  0.10001E+00  0.95000E+00  0.54409E+00  0.12474E-01  0.86249E+00
  0.10001E+00  0.95775E+00  0.53250E+00  0.90891E-02  0.86647E+00
  0.10001E+00  0.96225E+00  0.52828E+00  0.68546E-02  0.86813E+00
  0.10001E+00  0.97000E+00  0.52517E+00  0.50278E-02  0.86944E+00
  0.10001E+00  0.97775E+00  0.52199E+00  0.31972E-02  0.87045E+00
  0.10001E+00  0.98225E+00  0.52066E+00  0.85860E-03  0.87004E+00
  0.10001E+00  0.99000E+00  0.52053E+00 -0.19800E-03  0.87039E+00
  0.10001E+00  0.99775E+00  0.52087E+00 -0.56765E-03  0.87053E+00
