4.785869006688129867e-01 -8.686334125875539991e-01 -1.281817968539989971e-01
1.894996683520810132e-01 -4.052905071394570236e-01 8.943318626310330366e-01
-5.579664674948480174e-01 -1.894949732400539877e-01 -8.079387825003030432e-01
-6.679406426316879530e-01 -6.488997248396900508e-01 -3.643960002850499813e-01
8.774606831534149665e-01 1.301111113537810060e-01 -4.616642158779760141e-01
-9.060332199441240020e-01 3.744690021761120091e-01 -1.971719319956820038e-01
6.193156155818839714e-01 3.855288772776280237e-01 -6.839705060026229910e-01
2.501026830788680155e-01 8.048815177538829468e-01 -5.381583319943660237e-01
0.000000000000000000e+00 1.000000000000000000e+00 0.000000000000000000e+00
8.660170671211829818e-01 -5.000144392053179621e-01 -6.404320103999999904e-06
-8.660170671211829818e-01 -5.000144392053189613e-01 6.404320103999999904e-06
2.779690515799999837e-05 9.723786969999999082e-07 9.999999996131929692e-01
-2.779690515899999869e-05 9.723786960000000104e-07 -9.999999996131929692e-01
-4.785869006688119875e-01 -8.686334125875539991e-01 1.281817968539999963e-01
-1.894996683520810132e-01 -4.052905071394570236e-01 -8.943318626310330366e-01
5.579664674948480174e-01 -1.894949732400539877e-01 8.079387825003030432e-01
6.679406426316879530e-01 -6.488997248396900508e-01 3.643960002850489821e-01
-8.774606831534139673e-01 1.301111113537810060e-01 4.616642158779770133e-01
9.060332199441240020e-01 3.744690021761130083e-01 1.971719319956810046e-01
-6.193156155818829722e-01 3.855288772776280237e-01 6.839705060026239902e-01
-2.501026830788680155e-01 8.048815177538829468e-01 5.381583319943650245e-01
-5.129787471564339896e-01 8.487585734898079881e-01 1.283031133424339942e-01
-2.562843868867309971e-01 3.667069631383140238e-01 -8.943401568888470488e-01
-4.429984317178690123e-01 -3.885195908404769916e-01 8.079634379281389611e-01
-8.959327997487509521e-01 -2.539368503190579940e-01 3.644454614676960191e-01
5.513581000859210102e-01 6.949467216870579556e-01 4.615769702726230106e-01
-1.287347343708180047e-01 -9.718852366397809917e-01 1.971457708603270020e-01
6.436084557316660293e-01 3.436383625247170226e-01 6.838719408719959869e-01
8.221353698180710046e-01 -1.857937146171119991e-01 5.381209244239429923e-01
5.129787471564329904e-01 8.487585734898089873e-01 -1.283031133424339942e-01
2.562843868867299979e-01 3.667069631383140238e-01 8.943401568888470488e-01
4.429984317178690123e-01 -3.885195908404779908e-01 -8.079634379281379619e-01
8.959327997487499529e-01 -2.539368503190579940e-01 -3.644454614676960191e-01
-5.513581000859210102e-01 6.949467216870579556e-01 -4.615769702726240098e-01
1.287347343708190039e-01 -9.718852366397799925e-01 -1.971457708603270020e-01
-6.436084557316660293e-01 3.436383625247170226e-01 -6.838719408719959869e-01
-8.221353698180710046e-01 -1.857937146171129983e-01 -5.381209244239419931e-01
-9.915646477123200020e-01 1.979101209513000129e-02 -1.280931896995030073e-01
-4.456712509796880162e-01 3.853572529252600326e-02 8.943668899989419829e-01
1.148060323902879987e-01 5.779737317667570373e-01 -8.079393172227780084e-01
-2.280676395518480004e-01 9.029168416667600061e-01 -3.643162483664040274e-01
-3.261344665214280236e-01 -8.249636364995890370e-01 -4.615964776730410168e-01
7.773591670753460248e-01 5.973786413668199513e-01 -1.971077984318669873e-01
2.420350924056099973e-02 -7.292053342349660294e-01 -6.838667784471720301e-01
5.720577607902079809e-01 -6.190006338049359735e-01 -5.381339365518410522e-01
9.915646477123200020e-01 1.979101209513000129e-02 1.280931896995040065e-01
4.456712509796890154e-01 3.853572529252600326e-02 -8.943668899989409837e-01
-1.148060323902899971e-01 5.779737317667560381e-01 8.079393172227780084e-01
2.280676395518489996e-01 9.029168416667600061e-01 3.643162483664050266e-01
3.261344665214290228e-01 -8.249636364995880378e-01 4.615964776730410168e-01
-7.773591670753460248e-01 5.973786413668189521e-01 1.971077984318669873e-01
-2.420350924056099973e-02 -7.292053342349670286e-01 6.838667784471710309e-01
-5.720577607902079809e-01 -6.190006338049359735e-01 5.381339365518410522e-01
