5.773502691896257311e-01 8.164965809277260345e-01 0.000000000000000000e+00
5.773502691896257311e-01 2.523113193557069422e-01 7.765343938240270028e-01
5.773502691896257311e-01 -6.605596098195699595e-01 4.799246488165451741e-01
5.773502691896257311e-01 -6.605596098195699595e-01 -4.799246488165451741e-01
5.773502691896257311e-01 2.523113193557069422e-01 -7.765343938240270028e-01
-5.773502691896257311e-01 8.164965809277260345e-01 0.000000000000000000e+00
-5.773502691896257311e-01 2.523113193557069422e-01 7.765343938240270028e-01
-5.773502691896257311e-01 -6.605596098195699595e-01 4.799246488165451741e-01
-5.773502691896257311e-01 -6.605596098195699595e-01 -4.799246488165451741e-01
-5.773502691896257311e-01 2.523113193557069422e-01 -7.765343938240270028e-01
