8.989035351791432316e-01 4.355122112847470972e-01 4.797445428880554863e-02
8.989035351791432316e-01 -4.355122112847470972e-01 -4.797445428880554863e-02
8.989035351791432316e-01 4.797445428880554863e-02 -4.355122112847470972e-01
8.989035351791432316e-01 -4.797445428880554863e-02 4.355122112847470972e-01
-8.989035351791432316e-01 4.355122112847470972e-01 -4.797445428880554863e-02
-8.989035351791432316e-01 -4.355122112847470972e-01 4.797445428880554863e-02
-8.989035351791432316e-01 4.797445428880554863e-02 4.355122112847470972e-01
-8.989035351791432316e-01 -4.797445428880554863e-02 -4.355122112847470972e-01
4.797445428880554863e-02 8.989035351791432316e-01 4.355122112847470972e-01
-4.797445428880554863e-02 8.989035351791432316e-01 -4.355122112847470972e-01
-4.355122112847470972e-01 8.989035351791432316e-01 4.797445428880554863e-02
4.355122112847470972e-01 8.989035351791432316e-01 -4.797445428880554863e-02
-4.797445428880554863e-02 -8.989035351791432316e-01 4.355122112847470972e-01
4.797445428880554863e-02 -8.989035351791432316e-01 -4.355122112847470972e-01
4.355122112847470972e-01 -8.989035351791432316e-01 4.797445428880554863e-02
-4.355122112847470972e-01 -8.989035351791432316e-01 -4.797445428880554863e-02
4.355122112847470972e-01 4.797445428880554863e-02 8.989035351791432316e-01
-4.355122112847470972e-01 -4.797445428880554863e-02 8.989035351791432316e-01
4.797445428880554863e-02 -4.355122112847470972e-01 8.989035351791432316e-01
-4.797445428880554863e-02 4.355122112847470972e-01 8.989035351791432316e-01
4.355122112847470972e-01 -4.797445428880554863e-02 -8.989035351791432316e-01
-4.355122112847470972e-01 4.797445428880554863e-02 -8.989035351791432316e-01
4.797445428880554863e-02 4.355122112847470972e-01 -8.989035351791432316e-01
-4.797445428880554863e-02 -4.355122112847470972e-01 -8.989035351791432316e-01
5.773502691896257311e-01 5.773502691896257311e-01 5.773502691896257311e-01
5.773502691896257311e-01 5.773502691896257311e-01 -5.773502691896257311e-01
5.773502691896257311e-01 -5.773502691896257311e-01 5.773502691896257311e-01
5.773502691896257311e-01 -5.773502691896257311e-01 -5.773502691896257311e-01
-5.773502691896257311e-01 5.773502691896257311e-01 5.773502691896257311e-01
-5.773502691896257311e-01 5.773502691896257311e-01 -5.773502691896257311e-01
-5.773502691896257311e-01 -5.773502691896257311e-01 5.773502691896257311e-01
-5.773502691896257311e-01 -5.773502691896257311e-01 -5.773502691896257311e-01
