5.773502691896257311e-01 5.773502691896257311e-01 5.773502691896257311e-01
5.773502691896257311e-01 5.773502691896257311e-01 -5.773502691896257311e-01
5.773502691896257311e-01 -5.773502691896257311e-01 5.773502691896257311e-01
-5.773502691896257311e-01 5.773502691896257311e-01 5.773502691896257311e-01
5.773502691896257311e-01 -5.773502691896257311e-01 -5.773502691896257311e-01
-5.773502691896257311e-01 5.773502691896257311e-01 -5.773502691896257311e-01
-5.773502691896257311e-01 -5.773502691896257311e-01 5.773502691896257311e-01
-5.773502691896257311e-01 -5.773502691896257311e-01 -5.773502691896257311e-01
0.000000000000000000e+00 3.568220897730899344e-01 9.341723589627156654e-01
0.000000000000000000e+00 -3.568220897730899344e-01 9.341723589627156654e-01
0.000000000000000000e+00 3.568220897730899344e-01 -9.341723589627156654e-01
0.000000000000000000e+00 -3.568220897730899344e-01 -9.341723589627156654e-01
9.341723589627156654e-01 0.000000000000000000e+00 3.568220897730899344e-01
9.341723589627156654e-01 0.000000000000000000e+00 -3.568220897730899344e-01
-9.341723589627156654e-01 0.000000000000000000e+00 3.568220897730899344e-01
-9.341723589627156654e-01 0.000000000000000000e+00 -3.568220897730899344e-01
3.568220897730899344e-01 9.341723589627156654e-01 0.000000000000000000e+00
-3.568220897730899344e-01 9.341723589627156654e-01 0.000000000000000000e+00
3.568220897730899344e-01 -9.341723589627156654e-01 0.000000000000000000e+00
-3.568220897730899344e-01 -9.341723589627156654e-01 0.000000000000000000e+00
