3.205074245494369811e-01 -5.856409579160940515e-01 -7.445130349562769645e-01
-5.856409579289799661e-01 -7.445130349404830428e-01 3.205074245625790241e-01
-3.205074245531679966e-01 5.856409579212740191e-01 -7.445130349505969525e-01
-7.445130349500499456e-01 3.205074245483560125e-01 -5.856409579246020236e-01
5.856409579158009526e-01 -7.445130349503400469e-01 -3.205074245637640207e-01
-7.445130349428440431e-01 -3.205074245466599803e-01 5.856409579346909533e-01
5.856409579309149738e-01 7.445130349432229622e-01 3.205074245526789989e-01
7.445130349453950025e-01 -3.205074245518310105e-01 -5.856409579286180334e-01
-5.856409579203010196e-01 7.445130349478760179e-01 -3.205074245612650197e-01
7.445130349513710000e-01 3.205074245506990271e-01 5.856409579216409478e-01
3.205074245574630054e-01 5.856409579187590309e-01 7.445130349507259604e-01
-3.205074245453000126e-01 -5.856409579241119712e-01 7.445130349517510293e-01
-7.194788932546140048e-01 1.300907853195590047e-01 6.822217452823220452e-01
1.300907853128449865e-01 6.822217452862929798e-01 -7.194788932520620461e-01
7.194788932608190413e-01 -1.300907853139950110e-01 6.822217452768379875e-01
6.822217452740979571e-01 -7.194788932649750501e-01 1.300907853053830110e-01
-1.300907853107139966e-01 6.822217452788359449e-01 7.194788932595179709e-01
6.822217452846229824e-01 7.194788932530380432e-01 -1.300907853162079908e-01
-1.300907853172720008e-01 -6.822217452810569460e-01 -7.194788932562260486e-01
-6.822217452739649524e-01 7.194788932647849800e-01 1.300907853071310016e-01
1.300907853214069987e-01 -6.822217452842229690e-01 7.194788932524760483e-01
-6.822217452869819843e-01 -7.194788932530730152e-01 -1.300907853036419870e-01
-7.194788932635739487e-01 -1.300907853201269948e-01 -6.822217452727630249e-01
7.194788932540679971e-01 1.300907853149750049e-01 -6.822217452837709972e-01
9.366951224011750288e-01 -2.341563516135430068e-01 2.603325770411429874e-01
-2.341563516106849874e-01 2.603325770455680033e-01 9.366951224006599963e-01
-9.366951223978710050e-01 2.341563516193700123e-01 2.603325770477890044e-01
2.603325770498450265e-01 9.366951224020190203e-01 -2.341563516004920020e-01
2.341563516026159975e-01 2.603325770524280158e-01 -9.366951224007700194e-01
2.603325770399830263e-01 -9.366951224045320101e-01 2.341563516014009971e-01
2.341563516183350069e-01 -2.603325770498640113e-01 9.366951223975530372e-01
-2.603325770540469986e-01 -9.366951224002370013e-01 -2.341563516029480096e-01
-2.341563516161919989e-01 -2.603325770483890245e-01 -9.366951223984989472e-01
-2.603325770395589767e-01 9.366951224028019496e-01 2.341563516087959984e-01
9.366951224021550226e-01 2.341563516003860035e-01 -2.603325770494520075e-01
-9.366951224046220492e-01 -2.341563516066030026e-01 -2.603325770349820267e-01
-1.612892986227340009e-01 -9.405239668440860124e-01 2.989990467236490201e-01
-9.405239668436820022e-01 2.989990467281080089e-01 -1.612892986168250054e-01
1.612892986246799998e-01 9.405239668416720544e-01 2.989990467301930077e-01
2.989990467156580234e-01 -1.612892986095549874e-01 -9.405239668488869498e-01
9.405239668483249549e-01 2.989990467163570198e-01 1.612892986115370131e-01
2.989990467220219883e-01 1.612892986146290120e-01 9.405239668459940416e-01
9.405239668413930554e-01 -2.989990467330440049e-01 -1.612892986210230084e-01
-2.989990467281740116e-01 1.612892986136179874e-01 -9.405239668442110235e-01
-9.405239668469129732e-01 -2.989990467116270256e-01 1.612892986285330010e-01
-2.989990467128180174e-01 -1.612892986188100009e-01 9.405239668482030524e-01
-1.612892986134389917e-01 9.405239668467509917e-01 -2.989990467202809921e-01
1.612892986096630121e-01 -9.405239668443929890e-01 -2.989990467297349852e-01
-5.773502691934130349e-01 -5.773502691930959552e-01 -5.773502691823689803e-01
5.773502691893499517e-01 5.773502691899069506e-01 -5.773502691896199579e-01
5.773502691950650467e-01 -5.773502691929710551e-01 5.773502691808409804e-01
-5.773502691865729508e-01 5.773502691964429445e-01 5.773502691858619640e-01
