8.662468181078205598e-01 4.225186537611115289e-01 2.666354015167047287e-01
8.662468181078205598e-01 -4.225186537611115289e-01 -2.666354015167047287e-01
8.662468181078205598e-01 2.666354015167047287e-01 -4.225186537611115289e-01
8.662468181078205598e-01 -2.666354015167047287e-01 4.225186537611115289e-01
-8.662468181078205598e-01 4.225186537611115289e-01 -2.666354015167047287e-01
-8.662468181078205598e-01 -4.225186537611115289e-01 2.666354015167047287e-01
-8.662468181078205598e-01 2.666354015167047287e-01 4.225186537611115289e-01
-8.662468181078205598e-01 -2.666354015167047287e-01 -4.225186537611115289e-01
2.666354015167047287e-01 8.662468181078205598e-01 4.225186537611115289e-01
-2.666354015167047287e-01 8.662468181078205598e-01 -4.225186537611115289e-01
-4.225186537611115289e-01 8.662468181078205598e-01 2.666354015167047287e-01
4.225186537611115289e-01 8.662468181078205598e-01 -2.666354015167047287e-01
-2.666354015167047287e-01 -8.662468181078205598e-01 4.225186537611115289e-01
2.666354015167047287e-01 -8.662468181078205598e-01 -4.225186537611115289e-01
4.225186537611115289e-01 -8.662468181078205598e-01 2.666354015167047287e-01
-4.225186537611115289e-01 -8.662468181078205598e-01 -2.666354015167047287e-01
4.225186537611115289e-01 2.666354015167047287e-01 8.662468181078205598e-01
-4.225186537611115289e-01 -2.666354015167047287e-01 8.662468181078205598e-01
2.666354015167047287e-01 -4.225186537611115289e-01 8.662468181078205598e-01
-2.666354015167047287e-01 4.225186537611115289e-01 8.662468181078205598e-01
4.225186537611115289e-01 -2.666354015167047287e-01 -8.662468181078205598e-01
-4.225186537611115289e-01 2.666354015167047287e-01 -8.662468181078205598e-01
2.666354015167047287e-01 4.225186537611115289e-01 -8.662468181078205598e-01
-2.666354015167047287e-01 -4.225186537611115289e-01 -8.662468181078205598e-01
