9.839748285202769562e-01 0.000000000000000000e+00 1.783074222753860127e-01
-3.477336794164400113e-01 -3.932186551872460245e-01 -8.511523820164279552e-01
-9.839748285202759570e-01 0.000000000000000000e+00 -1.783074222753850135e-01
-6.362411491043149514e-01 2.149112329123389897e-01 7.409523346035959968e-01
3.477336794164400113e-01 3.932186551872470237e-01 8.511523820164269560e-01
6.362411491043159506e-01 -2.149112329123399889e-01 -7.409523346035949976e-01
3.477336794164400113e-01 -3.932186551872470237e-01 8.511523820164269560e-01
6.362411491043159506e-01 2.149112329123389897e-01 -7.409523346035949976e-01
-3.477336794164400113e-01 3.932186551872460245e-01 -8.511523820164279552e-01
-6.362411491043149514e-01 -2.149112329123389897e-01 7.409523346035959968e-01
3.932186551872460245e-01 -8.511523820164269560e-01 -3.477336794164410105e-01
-8.511523820164279552e-01 3.477336794164400113e-01 -3.932186551872460245e-01
-3.932186551872450253e-01 8.511523820164279552e-01 3.477336794164400113e-01
8.511523820164269560e-01 -3.477336794164400113e-01 3.932186551872460245e-01
-7.409523346035959968e-01 -6.362411491043149514e-01 2.149112329123379905e-01
2.149112329123389897e-01 7.409523346035969960e-01 6.362411491043139522e-01
7.409523346035959968e-01 6.362411491043149514e-01 -2.149112329123389897e-01
-2.149112329123389897e-01 -7.409523346035959968e-01 -6.362411491043149514e-01
-3.932186551872450253e-01 -8.511523820164279552e-01 3.477336794164400113e-01
8.511523820164269560e-01 3.477336794164400113e-01 3.932186551872470237e-01
3.932186551872470237e-01 8.511523820164269560e-01 -3.477336794164410105e-01
-8.511523820164279552e-01 -3.477336794164400113e-01 -3.932186551872460245e-01
7.409523346035959968e-01 -6.362411491043139522e-01 -2.149112329123389897e-01
-2.149112329123389897e-01 7.409523346035959968e-01 -6.362411491043149514e-01
-7.409523346035959968e-01 6.362411491043149514e-01 2.149112329123379905e-01
2.149112329123389897e-01 -7.409523346035959968e-01 6.362411491043149514e-01
-1.000000000000000078e-15 -1.783074222753860127e-01 -9.839748285202759570e-01
-1.000000000000000078e-15 1.783074222753860127e-01 9.839748285202759570e-01
-7.409523346035969960e-01 -6.362411491043149514e-01 -2.149112329123379905e-01
-1.783074222753860127e-01 9.839748285202759570e-01 0.000000000000000000e+00
7.409523346035959968e-01 6.362411491043149514e-01 2.149112329123389897e-01
1.783074222753850135e-01 -9.839748285202759570e-01 0.000000000000000000e+00
-8.511523820164279552e-01 3.477336794164400113e-01 3.932186551872450253e-01
8.511523820164269560e-01 -3.477336794164400113e-01 -3.932186551872460245e-01
0.000000000000000000e+00 -1.783074222753860127e-01 9.839748285202759570e-01
-1.000000000000000078e-15 1.783074222753860127e-01 -9.839748285202759570e-01
7.409523346035959968e-01 -6.362411491043149514e-01 2.149112329123389897e-01
1.783074222753860127e-01 9.839748285202759570e-01 0.000000000000000000e+00
-7.409523346035959968e-01 6.362411491043149514e-01 -2.149112329123379905e-01
-1.783074222753860127e-01 -9.839748285202759570e-01 0.000000000000000000e+00
8.511523820164269560e-01 3.477336794164400113e-01 -3.932186551872470237e-01
-8.511523820164279552e-01 -3.477336794164400113e-01 3.932186551872450253e-01
-3.932186551872460245e-01 -8.511523820164279552e-01 -3.477336794164400113e-01
2.149112329123389897e-01 7.409523346035959968e-01 -6.362411491043139522e-01
3.932186551872460245e-01 8.511523820164269560e-01 3.477336794164410105e-01
-2.149112329123379905e-01 -7.409523346035959968e-01 6.362411491043149514e-01
-6.362411491043149514e-01 2.149112329123389897e-01 -7.409523346035959968e-01
6.362411491043149514e-01 -2.149112329123389897e-01 7.409523346035959968e-01
-3.477336794164390121e-01 -3.932186551872450253e-01 8.511523820164279552e-01
-3.932186551872460245e-01 8.511523820164269560e-01 -3.477336794164400113e-01
3.477336794164400113e-01 3.932186551872470237e-01 -8.511523820164269560e-01
3.932186551872460245e-01 -8.511523820164269560e-01 3.477336794164410105e-01
-2.149112329123389897e-01 7.409523346035959968e-01 6.362411491043149514e-01
2.149112329123389897e-01 -7.409523346035959968e-01 -6.362411491043149514e-01
6.362411491043149514e-01 2.149112329123389897e-01 7.409523346035959968e-01
-6.362411491043149514e-01 -2.149112329123389897e-01 -7.409523346035959968e-01
3.477336794164400113e-01 -3.932186551872470237e-01 -8.511523820164269560e-01
-3.477336794164400113e-01 3.932186551872450253e-01 8.511523820164279552e-01
-9.839748285202759570e-01 0.000000000000000000e+00 1.783074222753850135e-01
9.839748285202759570e-01 0.000000000000000000e+00 -1.783074222753860127e-01
