-8.934774252263040228e-01 3.757729636370999993e-01 -2.459527808551149886e-01
3.757729636370999993e-01 -2.459527808551149886e-01 -8.934774252263050220e-01
8.934774252263050220e-01 -3.757729636370999993e-01 -2.459527808551139894e-01
-2.459527808551149886e-01 -8.934774252263050220e-01 3.757729636370990001e-01
-3.757729636370999993e-01 -2.459527808551149886e-01 8.934774252263050220e-01
-2.459527808551149886e-01 8.934774252263050220e-01 -3.757729636370999993e-01
-3.757729636370999993e-01 2.459527808551149886e-01 -8.934774252263050220e-01
2.459527808551149886e-01 8.934774252263040228e-01 3.757729636370999993e-01
3.757729636370999993e-01 2.459527808551149886e-01 8.934774252263040228e-01
2.459527808551159878e-01 -8.934774252263040228e-01 -3.757729636370999993e-01
-8.934774252263040228e-01 -3.757729636370999993e-01 2.459527808551149886e-01
8.934774252263040228e-01 3.757729636370999993e-01 2.459527808551149886e-01
-9.507602549076630272e-01 1.701230111938150102e-01 2.590619592882459910e-01
1.701230111938150102e-01 2.590619592882459910e-01 -9.507602549076630272e-01
9.507602549076630272e-01 -1.701230111938150102e-01 2.590619592882469902e-01
2.590619592882459910e-01 -9.507602549076630272e-01 1.701230111938160094e-01
-1.701230111938160094e-01 2.590619592882469902e-01 9.507602549076630272e-01
2.590619592882459910e-01 9.507602549076630272e-01 -1.701230111938160094e-01
-1.701230111938160094e-01 -2.590619592882459910e-01 -9.507602549076630272e-01
-2.590619592882459910e-01 9.507602549076630272e-01 1.701230111938160094e-01
1.701230111938160094e-01 -2.590619592882459910e-01 9.507602549076630272e-01
-2.590619592882459910e-01 -9.507602549076630272e-01 -1.701230111938160094e-01
-9.507602549076630272e-01 -1.701230111938150102e-01 -2.590619592882459910e-01
9.507602549076630272e-01 1.701230111938150102e-01 -2.590619592882459910e-01
-8.199129550950999545e-02 6.879645995396439506e-01 7.210978693914780191e-01
6.879645995396439506e-01 7.210978693914780191e-01 -8.199129550950999545e-02
8.199129550950999545e-02 -6.879645995396439506e-01 7.210978693914780191e-01
7.210978693914790183e-01 -8.199129550950899625e-02 6.879645995396439506e-01
-6.879645995396439506e-01 7.210978693914780191e-01 8.199129550951099465e-02
7.210978693914790183e-01 8.199129550950999545e-02 -6.879645995396439506e-01
-6.879645995396439506e-01 -7.210978693914780191e-01 -8.199129550950999545e-02
-7.210978693914790183e-01 8.199129550950999545e-02 6.879645995396439506e-01
6.879645995396439506e-01 -7.210978693914780191e-01 8.199129550951099465e-02
-7.210978693914790183e-01 -8.199129550950899625e-02 -6.879645995396439506e-01
-8.199129550950999545e-02 -6.879645995396439506e-01 -7.210978693914780191e-01
8.199129550950999545e-02 6.879645995396439506e-01 -7.210978693914780191e-01
5.773502691896259531e-01 5.773502691896259531e-01 5.773502691896259531e-01
-5.773502691896259531e-01 -5.773502691896259531e-01 5.773502691896259531e-01
-5.773502691896259531e-01 5.773502691896259531e-01 -5.773502691896259531e-01
5.773502691896259531e-01 -5.773502691896249539e-01 -5.773502691896259531e-01
-5.773502691896259531e-01 -5.773502691896249539e-01 -5.773502691896259531e-01
5.773502691896259531e-01 5.773502691896249539e-01 -5.773502691896259531e-01
5.773502691896259531e-01 -5.773502691896249539e-01 5.773502691896269523e-01
-5.773502691896259531e-01 5.773502691896249539e-01 5.773502691896259531e-01
