0.000000000000000000e+00 -3.285289052000000219e-05 9.999999994603440134e-01
0.000000000000000000e+00 -6.469284185645820529e-01 7.625507335604160275e-01
-5.601370480106160343e-01 3.233614038692789738e-01 7.626820372433340545e-01
5.601370480106160343e-01 3.233614038692789738e-01 7.626820372433340545e-01
-9.725773284618579595e-01 4.506520171743699787e-02 2.281720135252409964e-01
4.473362417116860112e-01 -8.647866996311770471e-01 2.281101729258930011e-01
5.253071363953709660e-01 8.197687274034289873e-01 2.281044629626030051e-01
9.725773284618579595e-01 4.506520171743799708e-02 2.281720135252409964e-01
-5.253071363953709660e-01 8.197687274034289873e-01 2.281044629626030051e-01
-4.473362417116850120e-01 -8.647866996311770471e-01 2.281101729258930011e-01
4.883340720108449995e-01 4.674522230120680133e-01 -7.368977224244780411e-01
-6.490842082913480526e-01 1.892817046120729985e-01 -7.367917798441719901e-01
1.605852940004320051e-01 -6.566797034979040548e-01 -7.368745689496269957e-01
-4.883340720108449995e-01 4.674522230120670141e-01 -7.368977224244780411e-01
6.490842082913470534e-01 1.892817046120729985e-01 -7.367917798441719901e-01
-1.605852940004320051e-01 -6.566797034979040548e-01 -7.368745689496269957e-01
0.000000000000000000e+00 9.969209599217639939e-01 -7.841300701202399970e-02
-8.633545514960070388e-01 -4.984427017185329989e-01 -7.857347844316199537e-02
8.633545514960070388e-01 -4.984427017185329989e-01 -7.857347844316199537e-02
