8.506508083520000207e-01 0.000000000000000000e+00 -5.257311121190000325e-01
5.257311121190000325e-01 -8.506508083520000207e-01 0.000000000000000000e+00
0.000000000000000000e+00 -5.257311121190000325e-01 8.506508083520000207e-01
8.506508083520000207e-01 0.000000000000000000e+00 5.257311121190000325e-01
-5.257311121190000325e-01 -8.506508083520000207e-01 0.000000000000000000e+00
0.000000000000000000e+00 5.257311121190000325e-01 -8.506508083520000207e-01
-8.506508083520000207e-01 0.000000000000000000e+00 -5.257311121190000325e-01
-5.257311121190000325e-01 8.506508083520000207e-01 0.000000000000000000e+00
0.000000000000000000e+00 5.257311121190000325e-01 8.506508083520000207e-01
-8.506508083520000207e-01 0.000000000000000000e+00 5.257311121190000325e-01
5.257311121190000325e-01 8.506508083520000207e-01 0.000000000000000000e+00
0.000000000000000000e+00 -5.257311121190000325e-01 -8.506508083520000207e-01
