6.033325376724010258e-01 1.243069817325870019e-01 7.877421045483820050e-01
-4.150404648582570188e-01 -4.551964293664260142e-01 7.877421045128280008e-01
6.821704149699900355e-02 6.122163118740520105e-01 7.877421041970089632e-01
-5.611720875068509917e-01 2.540635071202679840e-01 7.877421040879769576e-01
3.046629736937480071e-01 -5.353903723573449902e-01 7.877421035130379723e-01
7.189123656181239941e-01 5.476227955856799445e-01 4.281054593394930108e-01
-9.034969245575690255e-01 -2.047006279562299871e-02 4.281054587880869788e-01
-2.597277182416860009e-01 -8.656022347291529861e-01 4.281054585132780255e-01
-2.986640911399680021e-01 8.529510403391560303e-01 4.281054583252689727e-01
7.429763683862570245e-01 -5.145015382690629746e-01 4.281054579637320057e-01
2.727648851563539978e-01 9.470437274565279839e-01 1.694328649078669924e-01
3.359869097114229763e-01 -9.265016465041649996e-01 1.694328643670980072e-01
-7.773297641584490103e-01 -6.058472929284960395e-01 1.694328640039549916e-01
-8.164031245954660454e-01 5.520674262086749939e-01 1.694328630168580041e-01
9.849810935670779699e-01 3.323778663007100065e-02 1.694328623831189984e-01
-5.475100000000000046e-11 -2.622489999999999905e-10 1.000000000000000000e+00
-4.553053901631189948e-01 8.539430502103200205e-01 -2.519489406326320124e-01
-1.335853322457150050e-01 -9.584762334955879703e-01 -2.519489409243739764e-01
6.714509982659609966e-01 6.969040735530049879e-01 -2.519489416387220015e-01
8.702849293474089754e-01 -4.232326457800810182e-01 -2.519489418449060159e-01
-9.528452050728389855e-01 -1.691382434622470121e-01 -2.519489427804860182e-01
-5.736423593514059505e-01 -6.747005438768659547e-01 -4.644498031542410033e-01
6.750738827809800446e-02 8.830227248092139547e-01 -4.644498035292730087e-01
4.644131106458859737e-01 -7.540602378872309774e-01 -4.644498038514650040e-01
8.606654457806830472e-01 2.086656877007450062e-01 -4.644498048395679923e-01
-8.189435855703970368e-01 3.370723696121090129e-01 -4.644498049274859985e-01
-2.039097948846909925e-01 4.510714147038720201e-01 -8.688816803150649637e-01
-1.001666359500330006e-01 -4.847796101916360123e-01 -8.688816804288710394e-01
4.300996140328089967e-01 -2.450692695623939987e-01 -8.688816807396639863e-01
3.659828147613540250e-01 3.333184709431070147e-01 -8.688816813741130352e-01
-4.920059980633850194e-01 -5.454100701082899988e-02 -8.688816814871269667e-01
