-2.987919906422970007e-01 -7.938432129347350319e-01 5.296567752851559785e-01
-8.203286463371759485e-01 4.713194787024310162e-01 3.239118105199090270e-01
4.631862338170970039e-01 6.516906271708700071e-02 8.838617007580490403e-01
0.000000000000000000e+00 -1.000000000000000000e+00 0.000000000000000000e+00
-9.510565162951539753e-01 -3.090169943749460080e-01 0.000000000000000000e+00
9.510565162951539753e-01 -3.090169943749460080e-01 0.000000000000000000e+00
-5.877852522924750245e-01 8.090169943749460080e-01 0.000000000000000000e+00
5.877852522924750245e-01 8.090169943749460080e-01 0.000000000000000000e+00
2.987919906422970007e-01 -7.938432129347350319e-01 -5.296567752851559785e-01
8.203286463371759485e-01 4.713194787024310162e-01 -3.239118105199090270e-01
-4.631862338170970039e-01 6.516906271708700071e-02 -8.838617007580490403e-01
-6.626579576866710175e-01 -5.294791133831999730e-01 -5.296567752851559785e-01
7.017469541675640521e-01 -6.345331759035629515e-01 -3.239118105199090270e-01
-8.115295605207699381e-02 4.606546338170239840e-01 -8.838617007580500395e-01
6.626579576866710175e-01 -5.294791133831999730e-01 5.296567752851559785e-01
-7.017469541675640521e-01 -6.345331759035629515e-01 3.239118105199090270e-01
8.115295605207699381e-02 4.606546338170239840e-01 8.838617007580500395e-01
-8.473215634698509913e-01 3.885702605111100022e-02 5.296567752851559785e-01
1.947559687859949928e-01 9.258246333015469620e-01 3.239118105199090270e-01
2.051118795679429951e-01 -4.203779380428919743e-01 8.838617007580500395e-01
-7.083371314082480552e-01 4.666071245307599757e-01 -5.296567752851559785e-01
-3.866251771599070186e-01 -8.634825484002469631e-01 -3.239118105199090270e-01
4.130309486893860016e-01 2.195311580569730137e-01 -8.838617007580490403e-01
8.473215634698509913e-01 3.885702605111100022e-02 -5.296567752851559785e-01
-1.947559687859949928e-01 9.258246333015469620e-01 -3.239118105199090270e-01
-2.051118795679429951e-01 -4.203779380428919743e-01 -8.838617007580500395e-01
7.083371314082480552e-01 4.666071245307599757e-01 5.296567752851559785e-01
3.866251771599070186e-01 -8.634825484002469631e-01 3.239118105199090270e-01
-4.130309486893860016e-01 2.195311580569730137e-01 8.838617007580490403e-01
-2.248815349827719967e-01 8.178581757360640081e-01 5.296567752851559785e-01
9.406944545588370454e-01 1.008716122998310066e-01 3.239118105199090270e-01
-3.364201207477299782e-01 -3.249769165481909972e-01 8.838617007580500395e-01
2.248815349827719967e-01 8.178581757360640081e-01 -5.296567752851559785e-01
-9.406944545588370454e-01 1.008716122998310066e-01 -3.239118105199090270e-01
3.364201207477299782e-01 -3.249769165481909972e-01 -8.838617007580500395e-01
