2.836479244733399740e-01 7.899587525899050000e-01 -5.436074173045920555e-01
-4.897003463882529939e-01 8.536962844294889718e-01 -1.771897985170440004e-01
3.162286801121220181e-01 3.539063504711199848e-02 9.480226394055719652e-01
6.551484105262069813e-01 -5.202483429396580483e-01 5.478341189206129558e-01
5.830235677276890405e-01 6.221486965069700226e-01 5.225079127714290506e-01
1.797773979545420064e-01 9.796472264101949712e-01 -8.928269133211899633e-02
9.273774467480140338e-01 2.288279295614799869e-01 2.959879219085470026e-01
9.206738076282300343e-02 -6.788122085177249465e-01 -7.285173868664790442e-01
4.907369631720990277e-01 -1.327301034314919970e-01 -8.611387534071920369e-01
-2.999999999999999839e-15 -1.000000000000000000e+00 -1.799999999999999903e-14
-8.660253999262950142e-01 5.000000066824989986e-01 -4.635230400000000136e-08
8.660253999262940150e-01 5.000000066824999978e-01 4.635232099999999686e-08
-2.836479244732980076e-01 7.899587525899249840e-01 5.436074173045849500e-01
4.897003463882609875e-01 8.536962844294919694e-01 1.771897985170050038e-01
-3.162286801121410029e-01 3.539063504713099717e-02 -9.480226394055649708e-01
-6.551484105261959900e-01 -5.202483429396660419e-01 -5.478341189206189510e-01
-5.830235677276870421e-01 6.221486965069680242e-01 -5.225079127714340466e-01
-1.797773979545430056e-01 9.796472264101949712e-01 8.928269133212500541e-02
-9.273774467480230266e-01 2.288279295614860098e-01 -2.959879219085160273e-01
-9.206738076282000582e-02 -6.788122085177159537e-01 7.285173868664870378e-01
-4.907369631721220093e-01 -1.327301034314840034e-01 8.611387534071800465e-01
8.259482671019500177e-01 -1.493331494126430015e-01 5.436074599909269667e-01
4.944724992921720186e-01 -8.509410979225190408e-01 1.771897155880390040e-01
1.887634860782579915e-01 2.561667906852900245e-01 -9.480226377432040552e-01
-1.229739851198300010e-01 8.274993590812259603e-01 -5.478341078318399449e-01
8.303083733196420235e-01 1.938388480876210018e-01 -5.225079005788859643e-01
9.382880764180769884e-01 -3.341318326316720100e-01 8.928271990629099708e-02
6.618596017070750293e-01 6.887183897835650326e-01 -2.959879173244839845e-01
-5.418349350845119705e-01 4.191389242792830094e-01 7.285173060922910393e-01
1.304207977035780064e-01 4.913557129973289972e-01 8.611387686263169972e-01
-8.259482671019610089e-01 -1.493331494126599879e-01 -5.436074599909049843e-01
-4.944724992921750162e-01 -8.509410979225190408e-01 -1.771897155880350072e-01
-1.887634860782979873e-01 2.561667906852829746e-01 9.480226377431979490e-01
1.229739851198770051e-01 8.274993590812129707e-01 5.478341078318480495e-01
-8.303083733196320315e-01 1.938388480876239994e-01 5.225079005788999531e-01
-9.382880764180809852e-01 -3.341318326316630172e-01 -8.928271990628500188e-02
-6.618596017070580428e-01 6.887183897835940094e-01 2.959879173244540085e-01
5.418349350844999801e-01 4.191389242792319947e-01 -7.285173060923290089e-01
-1.304207977036120070e-01 4.913557129973499804e-01 -8.611387686263000107e-01
5.423003095111820215e-01 -6.406256888316319564e-01 -5.436074880951079491e-01
9.841728388217210188e-01 -2.755181915308999811e-03 -1.771898199621209924e-01
-1.274652246158460012e-01 -2.915572907161759764e-01 9.480226594042340249e-01
-7.781224564333949489e-01 -3.072511404749039832e-01 5.478340802386529873e-01
2.472848003876589873e-01 -8.159875952367080520e-01 5.225078678039689617e-01
7.585107088174319889e-01 -6.455153772253700017e-01 -8.928271039157399669e-02
-2.655178417040020000e-01 -9.175463967076999960e-01 2.959879822316520137e-01
-6.339024510817929947e-01 2.596733643246679768e-01 -7.285172793920570156e-01
-3.603161111694390129e-01 -3.586255145031350122e-01 -8.611388043626270195e-01
-5.423003095111660343e-01 -6.406256888316580467e-01 5.436074880950929611e-01
-9.841728388217140244e-01 -2.755181915317999990e-03 1.771898199621559922e-01
1.274652246158269886e-01 -2.915572907161779748e-01 -9.480226594042350241e-01
7.781224564334060512e-01 -3.072511404748740071e-01 -5.478340802386529873e-01
-2.472848003876509937e-01 -8.159875952367060536e-01 -5.225078678039769553e-01
-7.585107088174279921e-01 -6.455153772253759970e-01 8.928271039156300548e-02
2.655178417040349736e-01 -9.175463967076890048e-01 -2.959879822316560105e-01
6.339024510817520275e-01 2.596733643246830203e-01 7.285172793920869916e-01
3.603161111694350160e-01 -3.586255145031509994e-01 8.611388043626220234e-01
