0.000000000000000000e+00 0.000000000000000000e+00 1.000000000000000000e+00
0.000000000000000000e+00 0.000000000000000000e+00 -1.000000000000000000e+00
1.000000000000000000e+00 0.000000000000000000e+00 0.000000000000000000e+00
-5.000000000000000000e-01 8.660254037844385966e-01 0.000000000000000000e+00
-5.000000000000000000e-01 -8.660254037844385966e-01 0.000000000000000000e+00
5.666227414529387829e-01 -6.333726320978656510e-01 5.270462766947299205e-01
2.652054187320974088e-01 8.073960045091597149e-01 5.270462766947299205e-01
-8.318281601850362472e-01 -1.740233724112940639e-01 5.270462766947299205e-01
5.666227414529387829e-01 6.333726320978656510e-01 -5.270462766947299205e-01
-8.318281601850362472e-01 1.740233724112940639e-01 -5.270462766947299205e-01
2.652054187320974088e-01 -8.073960045091597149e-01 -5.270462766947299205e-01
