-3.848362110709999790e-04 6.785943738200000486e-05 9.999999236480909826e-01
-2.137754646187219887e-01 9.732556097130929951e-01 8.410451170445300273e-02
9.497759638961009721e-01 -3.014556741287570119e-01 8.396484348112000229e-02
-7.359272702429350277e-01 -6.718464512967620150e-01 8.386536110176300018e-02
3.505987659316380234e-01 -4.600499996209519993e-01 8.157416890020849909e-01
2.230671143315660077e-01 5.337168436702840468e-01 8.157128129963500118e-01
-5.743418850121659869e-01 -7.402734338974499562e-02 8.152615234091009633e-01
6.069184732342249866e-01 9.621921466409000256e-02 7.889181387041770410e-01
-3.871899033644770061e-01 4.772479145504400222e-01 7.888716034880850492e-01
-2.201339951474479972e-01 -5.738345147318060224e-01 7.888313976274879957e-01
1.670261111777550100e-01 8.819212679120620457e-01 4.408141959932980192e-01
6.802625870201469693e-01 -5.857399408601859925e-01 4.406262978781039785e-01
-8.477550878559969583e-01 -2.958983375736630173e-01 4.401766518517469806e-01
-6.067484414052529695e-01 6.813784409929759533e-01 4.093650559125400212e-01
8.935103371022190544e-01 1.846758326450589904e-01 4.093093137571299778e-01
-2.871253303143059821e-01 -8.661055527848420255e-01 4.091701554697799725e-01
2.738412029426030014e-01 -9.265812375572799464e-01 2.577948909070310046e-01
6.655406195653940093e-01 7.004837256696160308e-01 2.576397364160369907e-01
-9.395634682257509862e-01 2.264708441017460050e-01 2.567711937648800014e-01
-2.079713557855620010e-01 -9.555836946931589582e-01 -2.088246096830710108e-01
9.317047929401509609e-01 2.971732791336619828e-01 -2.088401804761169933e-01
-7.230466442304870345e-01 6.584224553014530468e-01 -2.090057908811099874e-01
5.411528970234580349e-01 8.061067317414289946e-01 -2.394691610297040030e-01
4.277967226143329915e-01 -8.715601387170129888e-01 -2.395263841834900098e-01
-9.685033663985870289e-01 6.531315977290200192e-02 -2.402819602780950081e-01
-7.438537368507000362e-03 9.246398162478549621e-01 -3.807701122343379874e-01
8.045301740243699928e-01 -4.555981634199359753e-01 -3.810006726669880051e-01
-7.967008314723710294e-01 -4.691013720253709995e-01 -3.810665137415599757e-01
-2.683751066442909838e-01 -7.290950297897910160e-01 -6.295992691144810527e-01
7.655107928305190379e-01 1.323039190709650037e-01 -6.296736448815799525e-01
-4.970189413872619921e-01 5.970455795359309592e-01 -6.296894058652170445e-01
3.393043628439679771e-01 5.832214349098280293e-01 -7.380550841344909463e-01
3.353265320057929877e-01 -5.854969848069869753e-01 -7.380714042116079954e-01
-6.743785592788049676e-01 2.474883515529999970e-03 -7.383816315000180097e-01
3.541308896531150108e-01 -8.295502986649000432e-02 -9.315094073670660002e-01
-2.486167804576439877e-01 -2.652218782347169901e-01 -9.315830890374320328e-01
-1.050025337157060035e-01 3.480125309111529730e-01 -9.315909758268889895e-01
