-3.929671874325110226e-01 -2.268795042680110119e-01 8.911242787313580216e-01
3.929671874325110226e-01 -2.268795042680110119e-01 8.911242787313580216e-01
0.000000000000000000e+00 4.537614553603709910e-01 8.911231910511799859e-01
-8.933985082653439491e-01 1.247252206187439982e-01 4.316048247770910007e-01
8.933985082653439491e-01 1.247252206187439982e-01 4.316048247770910007e-01
-3.386831276901979826e-01 -8.360689154973659498e-01 4.316045731419489995e-01
3.386831276901979826e-01 -8.360689154973659498e-01 4.316045731419489995e-01
-5.547159021438430315e-01 7.113425695090600520e-01 4.316040045145430049e-01
5.547159021438430315e-01 7.113425695090610512e-01 4.316040045145430049e-01
-8.660252905745500218e-01 -5.000001960852280547e-01 0.000000000000000000e+00
8.660252905745500218e-01 -5.000001960852280547e-01 0.000000000000000000e+00
0.000000000000000000e+00 1.000000000000000000e+00 0.000000000000000000e+00
-5.547159021438430315e-01 7.113425695090600520e-01 -4.316040045145430049e-01
5.547159021438430315e-01 7.113425695090600520e-01 -4.316040045145430049e-01
-3.386831276901979826e-01 -8.360689154973659498e-01 -4.316045731419489995e-01
3.386831276901979826e-01 -8.360689154973659498e-01 -4.316045731419489995e-01
-8.933985082653439491e-01 1.247252206187439982e-01 -4.316048247770910007e-01
8.933985082653439491e-01 1.247252206187439982e-01 -4.316048247770910007e-01
0.000000000000000000e+00 4.537614553603709910e-01 -8.911231910511799859e-01
-3.929671874325110226e-01 -2.268795042680110119e-01 -8.911242787313580216e-01
3.929671874325110226e-01 -2.268795042680110119e-01 -8.911242787313580216e-01
