3.973444756855100124e-01 3.591179009174069736e-01 8.444830968603710408e-01
-5.096774628761010506e-01 1.645514599303400105e-01 8.444830968533200144e-01
1.123329872568750026e-01 -5.236693606750369989e-01 8.444830967308609715e-01
-3.696812709039800082e-01 -4.835310348154659987e-01 7.934314691976259715e-01
6.035907951461190191e-01 -7.838785466340800201e-02 7.934314691617320170e-01
-2.339095241567279992e-01 5.619188897215029455e-01 7.934314689265400400e-01
-7.442941748623369547e-01 -4.051733788790179980e-01 5.309055606355550516e-01
7.230375266227390130e-01 -4.419909738109419894e-01 5.309055604953929475e-01
2.125664846758299961e-02 8.471643530139479905e-01 5.309055602255310369e-01
8.660254037276069461e-01 -5.000000000984360371e-01 5.130700000000000181e-11
-8.935932419604539767e-01 1.072593384040450015e-01 4.358744684513329859e-01
5.396859331346169908e-01 7.202447788194660250e-01 4.358744683505990092e-01
3.539073092236699747e-01 -8.275041175511099745e-01 4.358744680685259776e-01
8.687713918272700342e-01 3.647946654353440010e-01 3.349046443577969878e-01
-1.184642479503719981e-01 -9.347754282617869448e-01 3.349046441534430096e-01
-7.503071435994429494e-01 5.699807624933980188e-01 3.349046441169329924e-01
-4.851896129752469866e-01 -8.641991545980319822e-01 1.332323558786590034e-01
-5.058236156739810419e-01 8.522861076603609476e-01 1.332323553633009972e-01
9.910132283860719760e-01 1.191304692690300059e-02 1.332323552172429981e-01
-6.150899999999999408e-11 3.052000000000000162e-11 1.000000000000000000e+00
0.000000000000000000e+00 1.000000000000000000e+00 0.000000000000000000e+00
6.150899999999999408e-11 3.052000000000000162e-11 -1.000000000000000000e+00
-9.910132283860709768e-01 1.191304692690300059e-02 -1.332323552172429981e-01
5.058236156739810419e-01 8.522861076603609476e-01 -1.332323553633009972e-01
4.851896129752459874e-01 -8.641991545980319822e-01 -1.332323558786580042e-01
7.503071435994429494e-01 5.699807624933980188e-01 -3.349046441169329924e-01
1.184642479503709989e-01 -9.347754282617880550e-01 -3.349046441534430096e-01
-8.687713918272700342e-01 3.647946654353440010e-01 -3.349046443577979870e-01
-3.539073092236709739e-01 -8.275041175511099745e-01 -4.358744680685259776e-01
-5.396859331346159916e-01 7.202447788194660250e-01 -4.358744683505990092e-01
8.935932419604539767e-01 1.072593384040460007e-01 -4.358744684513329859e-01
-8.660254037276069461e-01 -5.000000000984350379e-01 -5.130700000000000181e-11
-2.125664846758299961e-02 8.471643530139479905e-01 -5.309055602255310369e-01
-7.230375266227390130e-01 -4.419909738109419894e-01 -5.309055604953929475e-01
7.442941748623369547e-01 -4.051733788790179980e-01 -5.309055606355540524e-01
2.339095241567279992e-01 5.619188897215019463e-01 -7.934314689265400400e-01
-6.035907951461190191e-01 -7.838785466340800201e-02 -7.934314691617320170e-01
3.696812709039800082e-01 -4.835310348154659987e-01 -7.934314691976259715e-01
-1.123329872568740034e-01 -5.236693606750359997e-01 -8.444830967308619707e-01
5.096774628761010506e-01 1.645514599303390113e-01 -8.444830968533210136e-01
-3.973444756855100124e-01 3.591179009174069736e-01 -8.444830968603710408e-01
