-4.507219227928069838e-01 8.810744624806410297e-01 -1.433790078024149983e-01
-3.159829117753600036e-02 3.256159041418140165e-01 9.449739842792329592e-01
1.743267148288769886e-01 -8.236938830703559589e-01 -5.395725933453719980e-01
-4.707187609479470125e-01 2.620366635222610152e-01 -8.424729283850910244e-01
9.330683094647550524e-01 -1.377535466649849882e-01 3.322762258329690077e-01
8.826354316645490528e-01 4.259292574394160091e-01 -1.988440656078080127e-01
-4.471751587203109946e-01 -6.796315963871749632e-01 -5.814939987787369757e-01
-2.727688966756799949e-02 7.539896654198450232e-01 6.563197054257430274e-01
-7.000000000000000150e-15 1.000000000000000000e+00 5.600000000000000120e-14
8.660259472558029525e-01 -4.999990583319680049e-01 1.862348485599999893e-05
-8.660259472558730076e-01 -4.999990583318469906e-01 -1.862348498600000004e-05
4.507219227927939942e-01 8.810744624806430281e-01 1.433790078024420045e-01
3.159829117759999778e-02 3.256159041419259825e-01 -9.449739842791929911e-01
-1.743267148289230073e-01 -8.236938830703289804e-01 5.395725933453989764e-01
4.707187609480150137e-01 2.620366635222169949e-01 8.424729283850670436e-01
-9.330683094646600173e-01 -1.377535466649680018e-01 -3.322762258332430108e-01
-8.826354316645810272e-01 4.259292574393500064e-01 1.988440656078070135e-01
4.471751587203349754e-01 -6.796315963870509513e-01 5.814939987788629860e-01
2.727688966755800054e-02 7.539896654199279569e-01 -6.563197054256479923e-01
5.375332367546969969e-01 -8.309493820929330088e-01 1.434612971619589894e-01
2.661908771542940144e-01 -1.901889958317329876e-01 -9.449711968014400387e-01
-6.263236747780660529e-01 5.626838952906629832e-01 5.395419245925430207e-01
-8.412605394481000032e-03 -5.386783989708200382e-01 8.424694715850009619e-01
3.473075048350869887e-01 8.768872724959280163e-01 -3.323344827427309744e-01
8.101179921302450460e-01 5.514665053505110048e-01 1.989812360584679862e-01
-8.121447170343990551e-01 -4.749170163773799858e-02 5.815199883655489677e-01
6.393204318871249514e-01 -4.005723079168260203e-01 -6.563621039501349452e-01
-5.375332367547419610e-01 -8.309493820929330088e-01 -1.434612971617879873e-01
-2.661908771543329832e-01 -1.901889958317090068e-01 9.449711968014330443e-01
6.263236747780800417e-01 5.626838952906719760e-01 -5.395419245925170415e-01
8.412605394504000730e-03 -5.386783989708190390e-01 -8.424694715850009619e-01
-3.473075048351180194e-01 8.768872724959080323e-01 3.323344827427510140e-01
-8.101179921302730236e-01 5.514665053504930192e-01 -1.989812360584020112e-01
8.121447170343469857e-01 -4.749170163774899672e-02 -5.815199883656200219e-01
-6.393204318871390512e-01 -4.005723079167869960e-01 6.563621039501450483e-01
9.883928200440650347e-01 -5.009721089461399712e-02 -1.434221138664520112e-01
2.978403658290439959e-01 -1.354633454308110108e-01 9.449554479061510470e-01
-8.004964693305970380e-01 2.609738498170040000e-01 -5.395350334324360286e-01
4.622565072268600139e-01 2.766629467540520082e-01 -8.424823650497319516e-01
-5.858998270258910512e-01 -7.391643270538099664e-01 3.322009787795939806e-01
-7.231518315849799761e-02 -9.773337968208309912e-01 -1.989702587738479966e-01
-3.649302262920410267e-01 7.270709916310209575e-01 -5.815442399913559601e-01
6.665964914362829674e-01 -3.533738632386739797e-01 6.563353033203479514e-01
-9.883928200440790235e-01 -5.009721089467900068e-02 1.434221138663309969e-01
-2.978403658290110223e-01 -1.354633454307500040e-01 -9.449554479061700318e-01
8.004964693306160228e-01 2.609738498169920096e-01 5.395350334324140462e-01
-4.622565072268829955e-01 2.766629467540480114e-01 8.424823650497199612e-01
5.858998270258289898e-01 -7.391643270538720278e-01 -3.322009787795630054e-01
7.231518315851299950e-02 -9.773337968208140047e-01 1.989702587739249906e-01
3.649302262919780215e-01 7.270709916310199583e-01 5.815442399913970384e-01
-6.665964914360880123e-01 -3.533738632387949941e-01 -6.563353033204809561e-01
