0.000000000000000000e+00 1.000000000000000000e+00 0.000000000000000000e+00
0.000000000000000000e+00 3.090169943749475068e-01 9.510565162951535312e-01
0.000000000000000000e+00 -8.090169943749474513e-01 5.877852522924732481e-01
0.000000000000000000e+00 -8.090169943749474513e-01 -5.877852522924732481e-01
0.000000000000000000e+00 3.090169943749475068e-01 -9.510565162951535312e-01
3.745414095535811172e-01 -4.330105156769035180e-01 8.198906182185758951e-01
3.745414095535811172e-01 -9.135699231932614683e-01 -1.584573380007217036e-01
3.745414095535811172e-01 -1.316067479561628950e-01 -9.178226388698524918e-01
3.745414095535811172e-01 8.322324798075121377e-01 -4.087882484649669190e-01
3.745414095535811172e-01 6.459547070188160767e-01 6.651776071169654969e-01
-3.745414095535811172e-01 -4.330105156769035180e-01 -8.198906182185758951e-01
-3.745414095535811172e-01 -9.135699231932614683e-01 1.584573380007217036e-01
-3.745414095535811172e-01 -1.316067479561628950e-01 9.178226388698524918e-01
-3.745414095535811172e-01 8.322324798075121377e-01 4.087882484649669190e-01
-3.745414095535811172e-01 6.459547070188160767e-01 -6.651776071169654969e-01
8.324974870009819172e-01 -5.540288206736631027e-01 0.000000000000000000e+00
8.324974870009819172e-01 -1.712043209616724015e-01 -5.269127201170062946e-01
8.324974870009819172e-01 4.482187312985035921e-01 -3.256499701369705013e-01
8.324974870009819172e-01 4.482187312985035921e-01 3.256499701369705013e-01
8.324974870009819172e-01 -1.712043209616717909e-01 5.269127201170065167e-01
-8.324974870009819172e-01 -5.540288206736631027e-01 0.000000000000000000e+00
-8.324974870009819172e-01 -1.712043209616724015e-01 5.269127201170062946e-01
-8.324974870009819172e-01 4.482187312985035921e-01 3.256499701369705013e-01
-8.324974870009819172e-01 4.482187312985035921e-01 -3.256499701369705013e-01
-8.324974870009819172e-01 -1.712043209616717909e-01 -5.269127201170065167e-01
