3.462560306958040179e-01 -1.179516187141009947e-01 9.306955339150989603e-01
-3.462561104284540003e-01 1.179516871279420037e-01 9.306954955809290109e-01
-1.179518065053160036e-01 -3.462565506344599808e-01 9.306953166771919639e-01
1.179518078719239971e-01 3.462565603227830136e-01 9.306953128995439917e-01
-5.687428108778059821e-01 -3.324925063214039800e-01 7.523166542852309790e-01
3.324931577845899877e-01 -5.687424307443490479e-01 7.523166537419210265e-01
-3.324931682923529808e-01 5.687424265238050225e-01 7.523166522886000074e-01
5.687428299228719508e-01 3.324925678379460070e-01 7.523166126996350123e-01
-2.184536924160499979e-02 -9.997412809528869460e-01 6.336481782349000398e-03
2.184536520660099873e-02 9.997412813065810200e-01 6.336439888976999786e-03
9.997412961537099907e-01 -2.184489441951400004e-02 6.335720377333000329e-03
-9.997412972270699472e-01 2.184485854105500113e-02 6.335674711981999739e-03
-2.367761183031570071e-01 -7.797178574233080139e-01 5.796353445197209853e-01
2.367761072038910009e-01 7.797178705696690137e-01 5.796353313693649589e-01
7.797180372113120539e-01 -2.367756209918749910e-01 5.796353058184520179e-01
-7.797181290034209677e-01 2.367755690836919891e-01 5.796352035448659734e-01
1.985026942229330127e-01 -8.879130327359400221e-01 4.149784653254939837e-01
-1.985026706368039906e-01 8.879130438268639791e-01 4.149784528769779879e-01
8.879133741879200459e-01 1.985028532047259930e-01 4.149776586851460225e-01
-8.879133786659479943e-01 -1.985029409345079876e-01 4.149776071384729814e-01
-5.891575807966059619e-01 -7.398055215458569922e-01 3.249325088078359736e-01
-7.398058773808600108e-01 5.891571396716399622e-01 3.249324984772479774e-01
5.891575867206839678e-01 7.398055329510969669e-01 3.249324720990540150e-01
7.398059063602520080e-01 -5.891571291152930545e-01 3.249324516374310079e-01
1.978785799999999931e-08 7.837436999999999640e-09 -1.000000000000000000e+00
-5.843573597942449682e-01 8.114281417277170450e-01 -1.052838385523800074e-02
5.843573709762940327e-01 -8.114281336548789803e-01 -1.052838539533599953e-02
8.114275956414600532e-01 5.843581037662499700e-01 -1.052917823160899949e-02
-8.114275317524890507e-01 -5.843581916995760350e-01 -1.052922160774900050e-02
-9.075911026593620479e-01 3.640205445714809751e-01 -2.092066765269380013e-01
9.075911185522930191e-01 -3.640204870242449986e-01 -2.092067077118429930e-01
3.640197711640120182e-01 9.075913121991250332e-01 -2.092071132212549867e-01
-3.640196987341710044e-01 -9.075913362242810090e-01 -2.092071350219890102e-01
3.221855141990330185e-01 -8.640241317461649917e-01 -3.868575890435529963e-01
-3.221854873167179778e-01 8.640241377800379485e-01 -3.868575979555660127e-01
-8.640241517879450051e-01 -3.221850836909980198e-01 -3.868579028198180225e-01
8.640241304177940229e-01 3.221851234139510023e-01 -3.868579174664940057e-01
-7.036934267478119898e-01 4.314224365935129812e-01 -5.645265647918069618e-01
7.036934029284439562e-01 -4.314224519840599847e-01 -5.645265827213530319e-01
4.314225678766550054e-01 7.036931154097629815e-01 -5.645268525514219871e-01
-4.314226241254570104e-01 -7.036930806826210416e-01 -5.645268528529949759e-01
1.554684397424830056e-01 -6.884682174277619859e-01 -7.084074236171420402e-01
-1.554684882666000079e-01 6.884681874984750483e-01 -7.084074420548269746e-01
6.884677571478690083e-01 1.554683080656109884e-01 -7.084078998394910398e-01
-6.884677313060439952e-01 -1.554683012123229957e-01 -7.084079264579580260e-01
4.231163105048940110e-01 -2.183756391500130123e-01 -8.793660603017100508e-01
-4.231163051665309816e-01 2.183756272933810028e-01 -8.793660658147119946e-01
2.183751227039590070e-01 4.231163279769319940e-01 -8.793661801453069859e-01
-2.183750901686349888e-01 -4.231163260708720175e-01 -8.793661891420030408e-01
