-6.156289423339209588e-01 1.008195633550640069e-01 7.815602478412729814e-01
3.951267761987170002e-01 4.827405208135129855e-01 7.815602473869219802e-01
2.205021660506019943e-01 -5.835600880219350417e-01 7.815602461965579506e-01
-4.164742585347590009e-01 6.658869344429949599e-01 6.189860923445970053e-01
-3.684378761516490242e-01 -6.936207556288800369e-01 6.189860893248599893e-01
7.849121331270050295e-01 2.773382046045800089e-02 6.189860890784879555e-01
-9.753444939429849470e-01 2.176679667586929878e-01 3.638371039680900199e-02
6.761782314481880052e-01 7.358391298492950039e-01 3.638370924238099741e-02
2.991662611656319970e-01 -9.535070916939769603e-01 3.638370884709699743e-02
7.506752044088399467e-01 -5.662857931564619918e-01 3.403044783056839995e-01
1.150802794034219978e-01 9.332466938773990028e-01 3.403044778714139906e-01
-8.657554869972310385e-01 -3.669608990989080000e-01 3.403044743559929808e-01
2.031525999999999877e-09 -1.957257000000000203e-09 1.000000000000000000e+00
-2.031524999999999972e-09 -1.957257000000000203e-09 -1.000000000000000000e+00
8.657554869972310385e-01 -3.669608990989070008e-01 -3.403044743559919816e-01
-1.150802794034209986e-01 9.332466938773980036e-01 -3.403044778714149898e-01
-7.506752044088399467e-01 -5.662857931564619918e-01 -3.403044783056839995e-01
-2.991662611656319970e-01 -9.535070916939769603e-01 -3.638370884709699743e-02
-6.761782314481870060e-01 7.358391298492950039e-01 -3.638370924237999821e-02
9.753444939429849470e-01 2.176679667586939870e-01 -3.638371039681000119e-02
-7.849121331270040303e-01 2.773382046045900010e-02 -6.189860890784889547e-01
3.684378761516490242e-01 -6.936207556288810361e-01 -6.189860893248589901e-01
4.164742585347590009e-01 6.658869344429949599e-01 -6.189860923445970053e-01
-2.205021660506029935e-01 -5.835600880219350417e-01 -7.815602461965579506e-01
-3.951267761987179994e-01 4.827405208135129855e-01 -7.815602473869219802e-01
6.156289423339209588e-01 1.008195633550640069e-01 -7.815602478412729814e-01
