-2.299529914042509893e-01 -2.938275895660800163e-01 9.277860579648860018e-01
-1.394856607386520120e-01 3.460589272916360093e-01 9.277860579304170185e-01
3.694386536899729734e-01 -5.223133802540200210e-02 9.277860574980729691e-01
-6.463857932537340201e-01 -3.658645433951269732e-01 6.695734031202380532e-01
6.344907059273000027e-03 7.427187893625439852e-01 6.695734030576829809e-01
6.400408861185540310e-01 -3.768542462632000212e-01 6.695734023764470244e-01
6.249181056049230021e-01 4.736894374786270179e-01 6.205607771268949469e-01
9.776803382441799639e-02 -7.780396734853139984e-01 6.205607770758420072e-01
-7.226861394298660368e-01 3.043502356671130005e-01 6.205607769794420081e-01
-5.200516254929460347e-01 -8.087156077652829511e-01 2.748187995370299785e-01
-4.403424498321379943e-01 8.547357219344969836e-01 2.748187994387309985e-01
9.603940739387190062e-01 -4.602011211639799731e-02 2.748187985276580036e-01
6.732787687183460212e-01 6.950531831796390447e-01 2.521840045382700013e-01
2.652943264564969761e-01 -9.306031099771939763e-01 2.521840043515219953e-01
-9.385730978423389992e-01 2.355499266806160008e-01 2.521840043448260182e-01
8.660254032066999619e-01 -5.000000010006729889e-01 1.161774999999999951e-09
0.000000000000000000e+00 1.000000000000000000e+00 0.000000000000000000e+00
-8.660254032066999619e-01 -5.000000010006729889e-01 -1.161774999999999951e-09
9.385730978423389992e-01 2.355499266806170000e-01 -2.521840043448260182e-01
-2.652943264564969761e-01 -9.306031099771939763e-01 -2.521840043515219953e-01
-6.732787687183470204e-01 6.950531831796390447e-01 -2.521840045382700013e-01
-9.603940739387190062e-01 -4.602011211639799731e-02 -2.748187985276580036e-01
4.403424498321379943e-01 8.547357219344969836e-01 -2.748187994387319977e-01
5.200516254929460347e-01 -8.087156077652829511e-01 -2.748187995370299785e-01
7.226861394298660368e-01 3.043502356671139997e-01 -6.205607769794420081e-01
-9.776803382441799639e-02 -7.780396734853139984e-01 -6.205607770758420072e-01
-6.249181056049230021e-01 4.736894374786270179e-01 -6.205607771268949469e-01
-6.400408861185530318e-01 -3.768542462632010204e-01 -6.695734023764480236e-01
-6.344907059274000095e-03 7.427187893625439852e-01 -6.695734030576829809e-01
6.463857932537340201e-01 -3.658645433951269732e-01 -6.695734031202380532e-01
-3.694386536899719742e-01 -5.223133802540200210e-02 -9.277860574980729691e-01
1.394856607386530112e-01 3.460589272916360093e-01 -9.277860579304170185e-01
2.299529914042509893e-01 -2.938275895660810155e-01 -9.277860579648860018e-01
