3.367369880528989778e-01 6.612309348292469968e-01 6.703594943773839576e-01
8.958763322609220037e-01 -1.173802019839060018e-01 -4.285177773172719751e-01
1.880921938562239992e-01 9.581444870049009577e-01 2.158250880515719949e-01
6.814249260921539930e-01 -6.367683413794970049e-01 3.608131781367009960e-01
4.995658017416799990e-02 4.336646616302849977e-01 8.996884468250060385e-01
8.774107094796339545e-01 -4.702822733178709802e-01 -9.478939968909799729e-02
2.868555174465939883e-01 6.158308230592800525e-01 -7.338026365996359601e-01
1.185845999999999960e-09 -8.292390000000000147e-10 1.000000000000000000e+00
2.562122000000000058e-09 3.018959999999999778e-10 -1.000000000000000000e+00
-3.367372294491809970e-01 6.612307785252600212e-01 -6.703595272939499861e-01
-8.958762861380700215e-01 -1.173804283910069995e-01 4.285178117257230079e-01
-1.880924969883950026e-01 9.581444106478640421e-01 -2.158251628539379907e-01
-6.814247597499319964e-01 -6.367685233822989455e-01 -3.608131710861919861e-01
-4.995674733796100220e-02 4.336646381556750196e-01 -8.996884488581140538e-01
-8.774106053939010330e-01 -4.702824584157360155e-01 9.478944481723600157e-02
-2.868557608419859961e-01 6.158306861336819704e-01 7.338026563646959932e-01
6.612307772291600161e-01 3.367372295232770041e-01 -6.703595285351799937e-01
-1.173804308822000014e-01 8.958762880838629927e-01 4.285178069753790009e-01
9.581444103963410175e-01 1.880924970880830105e-01 -2.158251638836790054e-01
-6.367685234235409553e-01 6.814247585700800025e-01 -3.608131732416540172e-01
4.336646418658919866e-01 4.995674425750200320e-02 -8.996884472407760125e-01
-4.702824628779649907e-01 8.774106033156769957e-01 9.478944191552099441e-02
6.158306847882050183e-01 2.868557656571190106e-01 7.338026556115470056e-01
-6.612309335009399769e-01 3.367369895562120075e-01 6.703594949324539476e-01
1.173802016205340026e-01 8.958763320079680126e-01 -4.285177779456449954e-01
-9.581444871738920011e-01 1.880921932497469917e-01 2.158250878298889897e-01
6.367683418805949458e-01 6.814249271229380067e-01 3.608131753056390001e-01
-4.336646594571699764e-01 4.995658296963399747e-02 8.996884477172609751e-01
4.702822728544530095e-01 8.774107096133090256e-01 -9.478940075092100181e-02
-6.158308228553790453e-01 2.868555157191939875e-01 -7.338026374460240309e-01
6.612309340443409678e-01 -3.367369863384589990e-01 6.703594960128049784e-01
-1.173802026423679951e-01 -8.958763332418020475e-01 -4.285177750862400048e-01
9.581444869690000088e-01 -1.880921948832909862e-01 2.158250873158600036e-01
-6.367683445657960073e-01 -6.814249230609770169e-01 3.608131782380989971e-01
4.336646619336410047e-01 -4.995657720314500283e-02 8.996884468437540416e-01
-4.702822745586929809e-01 -8.774107091859499885e-01 -9.478939625143099901e-02
6.158308240468439720e-01 -2.868555218829340059e-01 -7.338026340366019529e-01
3.367372277805639746e-01 -6.612307812086839487e-01 -6.703595254852540153e-01
8.958762872824479473e-01 1.173804290142839990e-01 4.285178091625129748e-01
1.880924944611699900e-01 -9.581444120566829925e-01 -2.158251588020480005e-01
6.814247613555599603e-01 6.367685218083549703e-01 -3.608131708315550079e-01
4.995674745221499735e-02 -4.336646392570520092e-01 -8.996884483208880123e-01
8.774106047812280096e-01 4.702824593677660259e-01 9.478944576504499953e-02
2.868557643909709909e-01 -6.158306829143940231e-01 7.338026576790670497e-01
-6.612307782796890132e-01 -3.367372301626599951e-01 -6.703595271777800235e-01
1.173804287022239962e-01 -8.958762861608320360e-01 4.285178115928879872e-01
-9.581444103787819522e-01 -1.880924972677670004e-01 -2.158251638050369958e-01
6.367685206230080386e-01 -6.814247634999659464e-01 -3.608131688735899956e-01
-4.336646377891399950e-01 -4.995674904797400145e-02 -8.996884489398380147e-01
4.702824601967730000e-01 -8.774106041301750203e-01 9.478944767848200559e-02
-6.158306827836149688e-01 -2.868557608708470208e-01 7.338026591648969532e-01
-3.367369896932839723e-01 -6.612309321300090525e-01 6.703594962158619941e-01
-8.958763319739629916e-01 1.173802022899250036e-01 -4.285177778333760235e-01
-1.880921960485280042e-01 -9.581444857743569576e-01 2.158250916039060052e-01
-6.814249249351760351e-01 6.367683424794789993e-01 3.608131783804839898e-01
-4.995657909390199825e-02 -4.336646614666900268e-01 8.996884469638459780e-01
-8.774107102503460043e-01 4.702822723095290147e-01 -9.478939755779600129e-02
-2.868555167083309820e-01 -6.158308248193700152e-01 -7.338026354111100158e-01
