-9.999999999999999988e-15 1.340000000000000096e-13 1.000000000000000000e+00
3.018957895735779884e-01 -9.291397015132299986e-01 2.134440144619919877e-01
-7.903734381641860374e-01 -5.742399158321319641e-01 2.134440144619429991e-01
9.769552971811710229e-01 -3.700000000000000011e-14 2.134440144619909885e-01
3.018957895736690267e-01 9.291397015132060178e-01 2.134440144619690061e-01
-7.903734381642010254e-01 5.742399158321139785e-01 2.134440144619360047e-01
-3.018957895735819852e-01 -9.291397015132399906e-01 -2.134440144619469959e-01
7.903734381642379958e-01 -5.742399158320560248e-01 -2.134440144619509927e-01
7.903734381641740470e-01 5.742399158321459529e-01 -2.134440144619499935e-01
-3.018957895735639996e-01 9.291397015132369930e-01 -2.134440144619819957e-01
-9.769552971811680253e-01 -2.999999999999999839e-15 -2.134440144620020074e-01
-2.211631442235650058e-01 -6.806701680060329718e-01 6.984088960084819941e-01
5.790126286353830531e-01 -4.206772989561189946e-01 6.984088960084400277e-01
5.790126286357040186e-01 4.206772989556830100e-01 6.984088960084370301e-01
-2.211631442231989930e-01 6.806701680062819948e-01 6.984088960083549846e-01
-7.156989688244500547e-01 1.839999999999999985e-13 6.984088960083629782e-01
2.211631442233319977e-01 -6.806701680062320348e-01 -6.984088960083609798e-01
-5.790126286356299667e-01 -4.206772989558320019e-01 -6.984088960084080533e-01
7.156989688244079773e-01 -4.100000000000000200e-14 -6.984088960084049447e-01
2.211631442234359979e-01 6.806701680060720516e-01 -6.984088960084839925e-01
-5.790126286354759788e-01 4.206772989560280118e-01 -6.984088960084170461e-01
-1.400000000000000030e-14 -1.309999999999999972e-13 -1.000000000000000000e+00
