-4.454934299999999758e-08 -8.503598000000000148e-08 9.999999999999950040e-01
-5.177190911855520383e-01 4.331090192251200316e-02 8.544536900246060274e-01
5.177190451365539792e-01 -4.331160425651799789e-02 8.544536823255090008e-01
4.331116212072699811e-02 5.177194078198380511e-01 8.544534849846590063e-01
-4.331207216189000148e-02 -5.177195974307999826e-01 8.544533239686840087e-01
4.571430426655829771e-01 -5.696973674455519943e-01 6.829825386260329756e-01
5.696965548046839523e-01 4.571441639110520039e-01 6.829824659870410430e-01
-4.571442729039770225e-01 5.696966870522199855e-01 6.829822827224869553e-01
-5.696972967977500524e-01 -4.571447032864859872e-01 6.829814860436900226e-01
8.875856819419439825e-01 -7.447306075994800101e-02 4.545826882237150035e-01
-8.875858156905089835e-01 7.447222430409500271e-02 4.545825641093320102e-01
7.447259905609200648e-02 8.875861087572070041e-01 4.545819304933599869e-01
-7.447479286072100635e-02 -8.875862042345730174e-01 4.545813846615530118e-01
7.271662714663309490e-01 -6.255227025456869816e-01 2.827553045332559800e-01
-7.271669882051170486e-01 6.255221242593259623e-01 2.827547405912039791e-01
6.255223698702749857e-01 7.271667904670130467e-01 2.827547057676990105e-01
-6.255243413628489568e-01 -7.271658207335499613e-01 2.827528382164850029e-01
2.429162044998280090e-01 -9.613230500732899975e-01 1.298064366246330092e-01
9.613228328097099817e-01 2.429172001057479935e-01 1.298061824856510116e-01
-2.429174757673530083e-01 9.613228457272190441e-01 1.298055709503199984e-01
-9.613235041304459827e-01 -2.429156322284219960e-01 1.298041448699799871e-01
9.186911877558380235e-01 -3.730378577581600075e-01 -1.298046925922569927e-01
3.730379054632049773e-01 9.186910533513860111e-01 -1.298055067389140005e-01
-9.186907507392769734e-01 3.730386064524849887e-01 -1.298056339381780111e-01
-3.730393392825960275e-01 -9.186903305662369457e-01 -1.298065016542070127e-01
5.193800903423250181e-01 -8.064087013289890082e-01 -2.827531223114819747e-01
8.064087584844530365e-01 5.193795807720309465e-01 -2.827538953164620006e-01
-5.193793159883359767e-01 8.064087444516689906e-01 -2.827544217079029920e-01
-8.064090713281529821e-01 -5.193778676768769920e-01 -2.827561497953450242e-01
-4.851541855494599653e-02 -8.893830952381259758e-01 -4.545810863499369914e-01
8.893827965919509637e-01 -4.851624914889599710e-02 -4.545815820012980013e-01
4.851664150914500317e-02 8.893824446387800231e-01 -4.545822287166759734e-01
-8.893816452887609580e-01 4.851778660045900221e-02 -4.545836704137640183e-01
5.012864804232090021e-01 -5.312705143147310460e-01 -6.829813358831060555e-01
5.312706053174980347e-01 5.012856017309730294e-01 -6.829819100260240416e-01
-5.012846173033550512e-01 5.312706259976890388e-01 -6.829826164750120165e-01
-5.312690264763979542e-01 -5.012859112271620399e-01 -6.829829109955639632e-01
-2.842476493275400071e-02 -5.187504913439580090e-01 -8.544530182923579797e-01
5.187501968240639805e-01 -2.842625290557199841e-02 -8.544531475983589974e-01
2.842673958813700039e-02 5.187491111308150105e-01 -8.544537905453859494e-01
-5.187484443567840220e-01 2.842585246186399989e-02 -8.544542248647579719e-01
9.231958139999999642e-07 -7.623736079999999756e-07 -9.999999999992830180e-01
