1.930114859999999964e-07 -7.751920799999999434e-08 9.999999999999780176e-01
-4.814829195064579959e-01 -1.170428809076230064e-01 8.686052971588309468e-01
-1.170426967206310009e-01 4.814830642910239988e-01 8.686052417210530230e-01
1.170427175273069942e-01 -4.814833381934829903e-01 8.686050870884209907e-01
4.814833585492659940e-01 1.170426803111949965e-01 8.686050808196380535e-01
4.472506772637310224e-01 5.549962262392450496e-01 7.013886373098230376e-01
5.549962281218689952e-01 -4.472506873092529922e-01 7.013886294144630051e-01
-5.549961821876779888e-01 4.472507622269180083e-01 7.013886179890169714e-01
-4.472508652947539964e-01 -5.549963387950810345e-01 7.013884283456279789e-01
-8.478632518036689492e-01 -1.956250869466000155e-03 5.302113534463820388e-01
-1.956554633465999813e-03 8.478634318755090549e-01 5.302110643717750094e-01
1.956262369494999979e-03 -8.478634975807749496e-01 5.302109603805239546e-01
8.478635820568349857e-01 1.956549795449999841e-03 5.302108242337679744e-01
4.550074484951610043e-01 -8.476274221126559594e-01 2.729395081269420098e-01
-8.476276597581590133e-01 -4.550070664551720268e-01 2.729394069913059773e-01
8.476273851555909955e-01 4.550075814962720178e-01 2.729394011776419826e-01
-4.550074631136969971e-01 8.476274510532370021e-01 2.729393938804560160e-01
8.300028008904090093e-01 -4.964566560986760080e-01 2.542167168566970004e-01
4.964565517584459964e-01 8.300028664627570052e-01 2.542167065314959729e-01
-8.300027634062779880e-01 4.964568292624310097e-01 2.542165010707109762e-01
-4.964570686062489968e-01 -8.300026381931540076e-01 2.542164424723449834e-01
-9.999999999998709921e-01 4.447606950000000001e-07 2.451475929999999985e-07
-2.762599189999999843e-07 -9.999999999999390488e-01 2.148395119999999868e-07
9.999999999999790168e-01 -1.511305550000000055e-07 -1.376277009999999940e-07
1.195349699999999885e-07 9.999999999999930056e-01 -1.729267600000000068e-08
4.964565924380680007e-01 -8.300029241172039995e-01 -2.542164388501910177e-01
8.300029139410910473e-01 4.964565505308449755e-01 -2.542165539147929754e-01
-8.300030015297079622e-01 -4.964563340196759822e-01 -2.542166907648270024e-01
-4.964561570519929745e-01 8.300030510368829884e-01 -2.542168747243809812e-01
4.550075725717950270e-01 8.476273674516050516e-01 -2.729394710359500098e-01
8.476273717079949588e-01 -4.550075627597400252e-01 -2.729394741748399911e-01
-4.550076943343889790e-01 -8.476272913350849647e-01 -2.729395044335840015e-01
-8.476271152967489453e-01 4.550079679106420194e-01 -2.729395950600440046e-01
-8.478636595098200113e-01 1.956721162810000098e-03 -5.302106997457779469e-01
-1.956402797584000028e-03 -8.478636436180549962e-01 -5.302107263332289655e-01
8.478633884625189632e-01 -1.956522345385999784e-03 -5.302111339128660061e-01
1.956824315731999810e-03 8.478633086900859706e-01 -5.302112603629780541e-01
4.472507402548129840e-01 -5.549963222888070202e-01 -7.013885211403320108e-01
5.549963384217460050e-01 4.472506249656330035e-01 -7.013885818904560532e-01
-5.549963032915240513e-01 -4.472506684375229802e-01 -7.013885819678929989e-01
-4.472504601714900052e-01 5.549961646432870488e-01 -7.013888244815650319e-01
-1.170427365640969997e-01 -4.814835244421339921e-01 -8.686049812822680405e-01
-4.814834186972389851e-01 1.170425454601399934e-01 -8.686050656494189726e-01
4.814830163745359992e-01 -1.170428652025589933e-01 -8.686052455794029958e-01
1.170428210865880059e-01 4.814827861362899752e-01 -8.686053791489719567e-01
-2.537740339999999975e-07 -3.120317389999999775e-07 -9.999999999999189537e-01
