1.549160910043080042e-01 9.406666713134419489e-01 -3.019059758070949950e-01
-1.917028415266479879e-01 -5.963246724830759682e-01 7.795170976563380316e-01
5.773502691895789907e-01 5.773502691896970074e-01 5.773502691896009731e-01
5.773502691896970074e-01 5.773502691896259531e-01 -5.773502691895540107e-01
-5.773502691895959771e-01 5.773502691896540417e-01 5.773502691896279515e-01
5.773502691895370242e-01 -5.773502691896680306e-01 5.773502691896720274e-01
-5.773502691897149930e-01 5.773502691895829875e-01 -5.773502691895799899e-01
5.773502691896550409e-01 -5.773502691895979755e-01 -5.773502691896239547e-01
-5.773502691895550099e-01 -5.773502691896249539e-01 5.773502691896970074e-01
-5.773502691896720274e-01 -5.773502691895550099e-01 -5.773502691896500449e-01
-3.019059758070840038e-01 1.549160910043080042e-01 9.406666713134449465e-01
7.795170976563839949e-01 -1.917028415266139874e-01 -5.963246724830270074e-01
1.549160910042660100e-01 9.406666713134700375e-01 3.019059758070279931e-01
-1.917028415265970009e-01 -5.963246724830619794e-01 -7.795170976563610132e-01
9.406666713134219648e-01 -3.019059758071480082e-01 1.549160910043239914e-01
-5.963246724830310042e-01 7.795170976563869925e-01 -1.917028415265880081e-01
3.019059758071069854e-01 1.549160910043239914e-01 9.406666713134349544e-01
-7.795170976563760012e-01 -1.917028415266320007e-01 -5.963246724830320034e-01
9.406666713134389513e-01 3.019059758071079846e-01 1.549160910042990114e-01
-5.963246724830230105e-01 -7.795170976564009813e-01 -1.917028415265580044e-01
-3.019059758071049870e-01 1.549160910042869932e-01 -9.406666713134419489e-01
7.795170976563859933e-01 -1.917028415265490116e-01 5.963246724830449930e-01
9.406666713134570479e-01 -3.019059758070670174e-01 -1.549160910042740036e-01
-5.963246724831049450e-01 7.795170976563240428e-01 1.917028415266170127e-01
3.019059758071310218e-01 1.549160910043030082e-01 -9.406666713134309576e-01
-7.795170976563779996e-01 -1.917028415265659980e-01 5.963246724830499890e-01
9.406666713134740343e-01 3.019059758070269939e-01 -1.549160910042479966e-01
-5.963246724830969514e-01 -7.795170976563370324e-01 1.917028415265860097e-01
-9.406666713134229640e-01 -3.019059758071410138e-01 1.549160910043320127e-01
5.963246724830240098e-01 7.795170976563869925e-01 -1.917028415266129882e-01
-1.549160910043279882e-01 9.406666713134289592e-01 -3.019059758071250266e-01
1.917028415266379959e-01 -5.963246724830479906e-01 7.795170976563620124e-01
-9.406666713134399505e-01 3.019059758071009902e-01 1.549160910043060058e-01
5.963246724830160161e-01 -7.795170976563999821e-01 -1.917028415265820129e-01
-1.549160910042839956e-01 9.406666713134580471e-01 3.019059758070570254e-01
1.917028415265880081e-01 -5.963246724830350010e-01 -7.795170976563839949e-01
1.549160910042960138e-01 -9.406666713134399505e-01 -3.019059758071069854e-01
-1.917028415266089914e-01 5.963246724830869594e-01 7.795170976563390308e-01
-3.019059758070359867e-01 -1.549160910042770012e-01 9.406666713134660407e-01
7.795170976563460252e-01 1.917028415266300023e-01 -5.963246724830709722e-01
1.549160910042529926e-01 -9.406666713134680391e-01 3.019059758070409827e-01
-1.917028415265590036e-01 5.963246724830719714e-01 -7.795170976563630116e-01
3.019059758070600230e-01 -1.549160910042929884e-01 9.406666713134550495e-01
-7.795170976563370324e-01 1.917028415266489871e-01 -5.963246724830769674e-01
-9.406666713134580471e-01 -3.019059758070580246e-01 -1.549160910042809980e-01
5.963246724830989498e-01 7.795170976563220444e-01 1.917028415266399943e-01
-9.406666713134750335e-01 3.019059758070180011e-01 -1.549160910042549910e-01
5.963246724830909562e-01 -7.795170976563360332e-01 1.917028415266099906e-01
-3.019059758070560262e-01 -1.549160910042579886e-01 -9.406666713134620439e-01
7.795170976563480236e-01 1.917028415265649988e-01 5.963246724830899570e-01
3.019059758070810062e-01 -1.549160910042730044e-01 -9.406666713134520519e-01
-7.795170976563400300e-01 1.917028415265840113e-01 5.963246724830949530e-01
-1.549160910043149986e-01 -9.406666713134269608e-01 -3.019059758071370170e-01
1.917028415265999985e-01 5.963246724830599810e-01 7.795170976563630116e-01
-1.549160910042720052e-01 -9.406666713134550495e-01 3.019059758070710142e-01
1.917028415265490116e-01 5.963246724830459922e-01 -7.795170976563859933e-01
