1.000000000000000000e+00 0.000000000000000000e+00 0.000000000000000000e+00
5.947189772040725186e-01 1.776539926025823002e-01 7.840589244857196771e-01
5.947189772040725186e-01 -7.678419429698292165e-01 -2.381765915652908905e-01
5.947189772040725186e-01 5.901879503672470273e-01 -5.458823329204287589e-01
-5.947189772040725186e-01 1.776539926025823002e-01 -7.840589244857196771e-01
-5.947189772040725186e-01 5.901879503672470273e-01 5.458823329204287589e-01
-5.947189772040725186e-01 -7.678419429698292165e-01 2.381765915652908905e-01
3.012536847870683210e-01 8.794744439230649524e-01 3.684710570566285259e-01
3.012536847870683210e-01 -7.588425179318780689e-01 5.774116818882527591e-01
3.012536847870683210e-01 -1.206319259911868974e-01 -9.458827389448812850e-01
-3.012536847870683210e-01 8.794744439230649524e-01 -3.684710570566285259e-01
-3.012536847870683210e-01 -1.206319259911868974e-01 9.458827389448812850e-01
-3.012536847870683210e-01 -7.588425179318780689e-01 -5.774116818882527591e-01
-1.000000000000000000e+00 0.000000000000000000e+00 0.000000000000000000e+00
