1.820439139281679886e-01 -9.270480414440300521e-02 9.789105335475060121e-01
-3.401633920477120099e-01 9.663627657320200681e-02 9.353877788172469954e-01
7.002964239918600675e-02 4.380170657623019825e-01 8.962348460567830521e-01
4.062991986506809816e-01 -3.922229581099739848e-01 8.252769912624949855e-01
-5.020529074758030008e-01 -3.134031772454700104e-01 8.060529303882819629e-01
-1.661703755161099971e-01 -6.315818950032080492e-01 7.572923584752410120e-01
5.645568330804510149e-01 4.315665190468059853e-01 7.035807855960789503e-01
-2.516571655732720014e-01 7.004201169962339657e-01 6.678924544585069789e-01
7.610737834093439513e-01 3.383949530331299693e-02 6.477820503569110544e-01
-6.891669599249560241e-01 4.700411035401430015e-01 5.514619318960819472e-01
-8.444588347019710284e-01 8.321120320645400414e-02 5.291173519690349769e-01
1.667901532816890020e-01 -8.379639696975129670e-01 5.196127695284790127e-01
-3.381426530000000242e-07 -9.999999999999410472e-01 5.113954300000000322e-08
8.253203551563259577e-01 5.627479720204420222e-01 4.648689440601699863e-02
4.287847588635380069e-01 7.880947236836709502e-01 4.416450351450770251e-01
8.379821657580890371e-01 -3.978412991317319958e-01 3.735079524943989981e-01
-7.253542570650870491e-01 -5.819373435055580357e-01 3.677093009311159788e-01
5.999780016940849947e-01 -7.480959082643769964e-01 2.835117449441370008e-01
1.029621182159999940e-02 9.604558712685929978e-01 2.782418145567119860e-01
-4.111736771343270092e-01 -8.831299356664370492e-01 2.258710339145549861e-01
9.701463166151119699e-01 1.898971293856600018e-01 1.508482834148809903e-01
-9.599163201947989998e-01 -2.374551885803040108e-01 1.489150483999819863e-01
-4.890780810853069815e-01 8.614100266805150286e-01 1.370233430339080072e-01
4.890783442680339821e-01 8.614098585861970081e-01 -1.370234603947360075e-01
9.599161425106099710e-01 -2.374556559789740007e-01 -1.489154484637000009e-01
-9.701462117550879727e-01 1.898974633531040068e-01 -1.508485373787490091e-01
4.111732079926709860e-01 -8.831302865417910430e-01 -2.258705160520720068e-01
-1.029583067458200024e-02 9.604558438669049680e-01 -2.782419232477950088e-01
-5.999782789313949927e-01 -7.480958300835960362e-01 -2.835113645377489999e-01
7.253538576610639721e-01 -5.819379418427429451e-01 -3.677091418771710196e-01
-8.379821117624020044e-01 -3.978411731600070000e-01 -3.735082078146280127e-01
-4.287844897392210086e-01 7.880948648638860243e-01 -4.416450445032190086e-01
-8.253202035618509846e-01 5.627482030229049581e-01 -4.648678938275400269e-02
-1.667905266812980125e-01 -8.379639354972040488e-01 -5.196127048248649904e-01
8.444588556999950146e-01 8.321098560096100438e-02 -5.291173526781850489e-01
6.891670262862079621e-01 4.700410280193429990e-01 -5.514619133343150459e-01
-7.610735940891260043e-01 3.383958171934799836e-02 -6.477822682733149762e-01
2.516572273368959944e-01 7.004198745216060340e-01 -6.678926854699359650e-01
-5.645567807770039970e-01 4.315667009504789986e-01 -7.035807159874599703e-01
1.661703071989449887e-01 -6.315821849819239775e-01 -7.572921316235019518e-01
5.020528463255750085e-01 -3.134035011556450256e-01 -8.060528425356320303e-01
-4.062990999839090067e-01 -3.922229921958800269e-01 -8.252770236382299673e-01
-7.002962925569100605e-02 4.380168919484089818e-01 -8.962349320318679924e-01
3.401636430188649807e-01 9.663601187220599575e-02 -9.353877148955770382e-01
-1.820437268835720102e-01 -9.270483100599699600e-02 -9.789105657875439848e-01
