-4.525918699300550130e-01 1.228864897712989984e-01 8.832097768395149595e-01
-1.228864897712989984e-01 4.525918699300540138e-01 8.832097768395149595e-01
4.525918699300540138e-01 -1.228864897712989984e-01 8.832097768395149595e-01
1.228864897712989984e-01 -4.525918699300540138e-01 8.832097768395149595e-01
-7.544849416597939618e-01 -3.723604968845179997e-01 5.404628878734709652e-01
-3.723604968845179997e-01 -7.544849416597939618e-01 5.404628878734709652e-01
7.544849416597939618e-01 3.723604968845179997e-01 5.404628878734709652e-01
3.723604968845179997e-01 7.544849416597939618e-01 5.404628878734709652e-01
-9.412724612353430276e-01 2.055238108123119967e-01 2.678919873925760253e-01
-2.055238108123119967e-01 9.412724612353430276e-01 2.678919873925760253e-01
9.412724612353430276e-01 -2.055238108123119967e-01 2.678919873925760253e-01
2.055238108123119967e-01 -9.412724612353430276e-01 2.678919873925760253e-01
-6.908394121037929603e-01 6.908394121037929603e-01 2.132646556937460025e-01
6.908394121037929603e-01 -6.908394121037929603e-01 2.132646556937460025e-01
-6.908394121037929603e-01 -6.908394121037929603e-01 -2.132646556937460025e-01
6.908394121037929603e-01 6.908394121037929603e-01 -2.132646556937460025e-01
-9.412724612353430276e-01 -2.055238108123119967e-01 -2.678919873925760253e-01
-2.055238108123119967e-01 -9.412724612353430276e-01 -2.678919873925760253e-01
9.412724612353430276e-01 2.055238108123119967e-01 -2.678919873925760253e-01
2.055238108123119967e-01 9.412724612353430276e-01 -2.678919873925760253e-01
-7.544849416597939618e-01 3.723604968845179997e-01 -5.404628878734709652e-01
-3.723604968845179997e-01 7.544849416597939618e-01 -5.404628878734709652e-01
7.544849416597939618e-01 -3.723604968845179997e-01 -5.404628878734709652e-01
3.723604968845179997e-01 -7.544849416597939618e-01 -5.404628878734709652e-01
-4.525918699300540138e-01 -1.228864897712989984e-01 -8.832097768395149595e-01
-1.228864897712989984e-01 -4.525918699300550130e-01 -8.832097768395149595e-01
4.525918699300540138e-01 1.228864897712989984e-01 -8.832097768395149595e-01
1.228864897712989984e-01 4.525918699300540138e-01 -8.832097768395149595e-01
