6.025390440842870454e-01 -7.942426564956049928e-01 7.826431470854400274e-02
-7.942426564956029944e-01 7.826431470854500194e-02 6.025390440842890438e-01
-6.025390440842880446e-01 7.942426564956039936e-01 7.826431470854600114e-02
7.826431470854100514e-02 6.025390440842920414e-01 -7.942426564956019952e-01
7.942426564956029944e-01 7.826431470854300354e-02 -6.025390440842900430e-01
7.826431470854100514e-02 -6.025390440842890438e-01 7.942426564956039936e-01
7.942426564956049928e-01 -7.826431470854600114e-02 6.025390440842860462e-01
-7.826431470854200434e-02 -6.025390440842860462e-01 -7.942426564956059920e-01
-7.942426564956049928e-01 -7.826431470854300354e-02 -6.025390440842880446e-01
-7.826431470854000594e-02 6.025390440842890438e-01 7.942426564956039936e-01
6.025390440842930406e-01 7.942426564956009960e-01 -7.826431470854500194e-02
-6.025390440842900430e-01 -7.942426564956029944e-01 -7.826431470854600114e-02
3.513585464133670011e-01 -8.179546448254799706e-01 -4.555187931037619764e-01
-8.179546448254799706e-01 -4.555187931037609772e-01 3.513585464133689995e-01
-3.513585464133680003e-01 8.179546448254819691e-01 -4.555187931037579796e-01
-4.555187931037639748e-01 3.513585464133719971e-01 -8.179546448254769730e-01
8.179546448254769730e-01 -4.555187931037649740e-01 -3.513585464133719971e-01
-4.555187931037619764e-01 -3.513585464133680003e-01 8.179546448254799706e-01
8.179546448254819691e-01 4.555187931037589788e-01 3.513585464133670011e-01
4.555187931037599780e-01 -3.513585464133660019e-01 -8.179546448254819691e-01
-8.179546448254799706e-01 4.555187931037629756e-01 -3.513585464133670011e-01
4.555187931037639748e-01 3.513585464133670011e-01 8.179546448254789714e-01
3.513585464133729963e-01 8.179546448254789714e-01 4.555187931037609772e-01
-3.513585464133709979e-01 -8.179546448254799706e-01 4.555187931037599780e-01
-9.598629190508599640e-01 2.532236409773490071e-01 1.205859207425819951e-01
2.532236409773460095e-01 1.205859207425839935e-01 -9.598629190508609632e-01
9.598629190508599640e-01 -2.532236409773540031e-01 1.205859207425779983e-01
1.205859207425799967e-01 -9.598629190508599640e-01 2.532236409773500063e-01
-2.532236409773480079e-01 1.205859207425819951e-01 9.598629190508609632e-01
1.205859207425839935e-01 9.598629190508609632e-01 -2.532236409773470087e-01
-2.532236409773510055e-01 -1.205859207425769991e-01 -9.598629190508599640e-01
-1.205859207425779983e-01 9.598629190508599640e-01 2.532236409773510055e-01
2.532236409773500063e-01 -1.205859207425819951e-01 9.598629190508599640e-01
-1.205859207425809959e-01 -9.598629190508599640e-01 -2.532236409773500063e-01
-9.598629190508599640e-01 -2.532236409773500063e-01 -1.205859207425809959e-01
9.598629190508609632e-01 2.532236409773450103e-01 -1.205859207425829943e-01
-5.773502691896239547e-01 -5.773502691896249539e-01 -5.773502691896289507e-01
5.773502691896249539e-01 5.773502691896249539e-01 -5.773502691896269523e-01
5.773502691896249539e-01 -5.773502691896259531e-01 5.773502691896269523e-01
-5.773502691896239547e-01 5.773502691896259531e-01 5.773502691896279515e-01
