7.744872809511499367e-02 4.158517809437130008e-01 9.061285729974479786e-01
3.214138448038750262e-01 -2.749984556447049866e-01 9.061285724230410121e-01
-3.988625751816819998e-01 -1.408533265973899995e-01 9.061285706266439810e-01
-1.787556874910460059e-01 -5.152222349745699814e-01 8.382078816006279798e-01
-3.568176986655229865e-01 4.124180884267479863e-01 8.382078800974539501e-01
5.355733944206060304e-01 1.028041510051579954e-01 8.382078773937280403e-01
-8.389441163706420346e-01 2.449367019820339886e-01 4.859822853039469925e-01
6.315934654402619586e-01 6.040785684083980200e-01 4.859822811613829785e-01
2.073506489343180104e-01 -8.490152721538910541e-01 4.859822795493389802e-01
6.030398999428330242e-01 -6.509320337390900324e-01 4.611186035384289839e-01
2.622037259432289935e-01 8.477138921806349758e-01 4.611185998259519914e-01
-8.652436316057580123e-01 -1.967818579237169963e-01 4.611185946779530198e-01
-5.468262207730729685e-01 -7.247520618163769690e-01 4.191843665595729740e-01
-3.542405886756759825e-01 8.359414307891710472e-01 4.191843623334060021e-01
9.010668103254759753e-01 -1.111893673186000048e-01 4.191843603060130263e-01
8.660254013635759751e-01 -5.000000041930580119e-01 2.865016999999999972e-09
-6.974212479804210441e-01 7.036498034313299899e-01 1.359432123957750038e-01
-2.606679847680800077e-01 -9.558094187787220530e-01 1.359432112715850127e-01
9.580892294393219544e-01 2.521596159729320163e-01 1.359432105871770102e-01
-1.000000000000000078e-15 1.000000000000000000e+00 0.000000000000000000e+00
-9.580892294393219544e-01 2.521596159729320163e-01 -1.359432105871760110e-01
2.606679847680800077e-01 -9.558094187787220530e-01 -1.359432112715840135e-01
6.974212479804220433e-01 7.036498034313289907e-01 -1.359432123957750038e-01
-8.660254013635759751e-01 -5.000000041930580119e-01 -2.865019000000000196e-09
-9.010668103254759753e-01 -1.111893673186000048e-01 -4.191843603060140255e-01
3.542405886756769817e-01 8.359414307891710472e-01 -4.191843623334050029e-01
5.468262207730709701e-01 -7.247520618163769690e-01 -4.191843665595749724e-01
8.652436316057580123e-01 -1.967818579237169963e-01 -4.611185946779530198e-01
-2.622037259432299927e-01 8.477138921806339766e-01 -4.611185998259539898e-01
-6.030398999428310258e-01 -6.509320337390910316e-01 -4.611186035384299831e-01
-2.073506489343180104e-01 -8.490152721538920533e-01 -4.859822795493379810e-01
-6.315934654402629578e-01 6.040785684083980200e-01 -4.859822811613819793e-01
8.389441163706430338e-01 2.449367019820339886e-01 -4.859822853039459933e-01
-5.355733944206050312e-01 1.028041510051589946e-01 -8.382078773937280403e-01
3.568176986655239857e-01 4.124180884267479863e-01 -8.382078800974529509e-01
1.787556874910460059e-01 -5.152222349745699814e-01 -8.382078816006279798e-01
3.988625751816829990e-01 -1.408533265973899995e-01 -9.061285706266439810e-01
-3.214138448038760254e-01 -2.749984556447049866e-01 -9.061285724230410121e-01
-7.744872809511499367e-02 4.158517809437130008e-01 -9.061285729974479786e-01
