-6.573345672300000553e-01 4.546293055910000103e-01 6.010186862509999672e-01
-8.375525550410000131e-01 5.199165508690000159e-01 -1.679062169069999999e-01
-4.101737263900000208e-02 -8.477786201300000490e-01 5.287617482309999728e-01
7.389489992799999629e-02 -4.044063354010000166e-01 9.115893042660000445e-01
0.000000000000000000e+00 -1.000000000000000000e+00 0.000000000000000000e+00
7.818314824680000497e-01 -6.234898018590000479e-01 0.000000000000000000e+00
9.749279121820000338e-01 2.225209339560000055e-01 0.000000000000000000e+00
4.338837391179999892e-01 9.009688679020000368e-01 0.000000000000000000e+00
-4.338837391179999892e-01 9.009688679020000368e-01 0.000000000000000000e+00
-9.749279121820000338e-01 2.225209339560000055e-01 0.000000000000000000e+00
-7.818314824680000497e-01 -6.234898018590000479e-01 0.000000000000000000e+00
-7.652849030410000530e-01 -2.304681235119999949e-01 6.010186862509999672e-01
-9.286926043150000032e-01 -3.306622884679999985e-01 -1.679062169069999999e-01
6.372461018409999456e-01 -5.606499971420000339e-01 5.287617482309999728e-01
3.622503212409999840e-01 -1.943698667719999940e-01 9.115893042660000445e-01
6.573345672300000553e-01 4.546293055910000103e-01 -6.010186862509999672e-01
8.375525550410000131e-01 5.199165508690000159e-01 1.679062169069999999e-01
4.101737263900000208e-02 -8.477786201300000490e-01 -5.287617482309999728e-01
-7.389489992799999629e-02 -4.044063354010000166e-01 -9.115893042660000445e-01
-2.969600978949999970e-01 -7.420183549179999449e-01 6.010186862509999672e-01
-3.205081806619999862e-01 -9.322456803080000354e-01 -1.679062169069999999e-01
8.356502641840000134e-01 1.486595088690000066e-01 5.287617482309999728e-01
3.778238620989999852e-01 1.620310759589999872e-01 9.115893042660000445e-01
5.439789511299999991e-02 7.973815948369999962e-01 -6.010186862509999672e-01
1.157183488630000034e-01 9.789876230370000432e-01 1.679062169069999999e-01
6.883939289199999534e-01 -4.965126506270000073e-01 -5.287617482309999728e-01
2.701048882109999827e-01 -3.099165850869999850e-01 -9.115893042660000445e-01
3.949817178480000135e-01 -6.948136306550000141e-01 6.010186862509999672e-01
5.290254402039999970e-01 -8.318290605289999640e-01 -1.679062169069999999e-01
4.047927334370000074e-01 7.460253726009999919e-01 5.287617482309999728e-01
1.088883285950000002e-01 3.964193136609999724e-01 9.115893042660000445e-01
-5.895015015390000501e-01 5.396892795500000117e-01 -6.010186862509999672e-01
-6.932541342329999745e-01 7.008610473499999882e-01 1.679062169069999999e-01
8.173958160469999568e-01 2.286374718099999925e-01 -5.287617482309999728e-01
4.107101863920000206e-01 1.794667494300000027e-02 -9.115893042660000445e-01
7.894942438919999583e-01 -1.244000708929999949e-01 6.010186862509999672e-01
9.801921144449999845e-01 -1.050281919509999939e-01 -1.679062169069999999e-01
-3.308819818550000069e-01 7.816189146199999938e-01 5.287617482309999728e-01
-2.420423372590000122e-01 3.322957226959999955e-01 9.115893042660000445e-01
-7.894942438919999583e-01 -1.244000708929999949e-01 -6.010186862509999672e-01
-9.801921144449999845e-01 -1.050281919509999939e-01 1.679062169069999999e-01
3.308819818550000069e-01 7.816189146199999938e-01 -5.287617482309999728e-01
2.420423372590000122e-01 3.322957226959999955e-01 -9.115893042660000445e-01
5.895015015390000501e-01 5.396892795500000117e-01 6.010186862509999672e-01
6.932541342329999745e-01 7.008610473499999882e-01 -1.679062169069999999e-01
-8.173958160469999568e-01 2.286374718099999925e-01 5.287617482309999728e-01
-4.107101863920000206e-01 1.794667494300000027e-02 9.115893042660000445e-01
-3.949817178480000135e-01 -6.948136306550000141e-01 -6.010186862509999672e-01
-5.290254402039999970e-01 -8.318290605289999640e-01 1.679062169069999999e-01
-4.047927334370000074e-01 7.460253726009999919e-01 -5.287617482309999728e-01
-1.088883285950000002e-01 3.964193136609999724e-01 -9.115893042660000445e-01
-5.439789511299999991e-02 7.973815948369999962e-01 6.010186862509999672e-01
-1.157183488630000034e-01 9.789876230370000432e-01 -1.679062169069999999e-01
-6.883939289199999534e-01 -4.965126506270000073e-01 5.287617482309999728e-01
-2.701048882109999827e-01 -3.099165850869999850e-01 9.115893042660000445e-01
2.969600978949999970e-01 -7.420183549179999449e-01 -6.010186862509999672e-01
3.205081806619999862e-01 -9.322456803080000354e-01 1.679062169069999999e-01
-8.356502641840000134e-01 1.486595088690000066e-01 -5.287617482309999728e-01
-3.778238620989999852e-01 1.620310759589999872e-01 -9.115893042660000445e-01
7.652849030410000530e-01 -2.304681235119999949e-01 -6.010186862509999672e-01
9.286926043150000032e-01 -3.306622884679999985e-01 1.679062169069999999e-01
-6.372461018409999456e-01 -5.606499971420000339e-01 -5.287617482309999728e-01
-3.622503212409999840e-01 -1.943698667719999940e-01 -9.115893042660000445e-01
