3.366017408778150255e-01 -3.149013209497659727e-01 8.874324910110730213e-01
-3.366017408778150255e-01 3.149013209497659727e-01 8.874324910110720221e-01
-1.044273318495290009e-01 -4.489678550967419746e-01 8.874248122813670481e-01
1.044273318495290009e-01 4.489678550967419746e-01 8.874248122813670481e-01
-4.410439889128069946e-01 -1.340451537732390008e-01 8.874187830972409818e-01
4.410439889128069946e-01 1.340451537732390008e-01 8.874187830972409818e-01
-1.557527489237280072e-01 -8.348481922991309867e-01 5.279863416960479672e-01
1.557527489237280072e-01 8.348481922991309867e-01 5.279863416960479672e-01
-6.450812290448749708e-01 5.523611600015699841e-01 5.279842392114300065e-01
6.450812290448749708e-01 -5.523611600015699841e-01 5.279842392114300065e-01
-8.009081687653080150e-01 -2.825242931796699830e-01 5.279451950423730278e-01
8.009081687653080150e-01 2.825242931796699830e-01 5.279451950423730278e-01
-5.148913492145350546e-01 -7.753714065330189475e-01 3.656310714846909837e-01
5.148913492145340554e-01 7.753714065330199467e-01 3.656310714846909837e-01
9.289384732748080520e-01 -5.823880660116700220e-02 3.656248819152509988e-01
-9.289384732748080520e-01 5.823880660116800140e-02 3.656248819152499996e-01
-4.140821701604279759e-01 8.336067774912669925e-01 3.655621655421349980e-01
4.140821701604279759e-01 -8.336067774912669925e-01 3.655621655421349980e-01
0.000000000000000000e+00 0.000000000000000000e+00 -1.000000000000000000e+00
9.270454410500670317e-01 -3.745937843416490276e-01 -1.631707574564500093e-02
-9.270454410500670317e-01 3.745937843416490276e-01 -1.631707574564600013e-02
-1.390605443270999941e-01 9.901491855497019934e-01 -1.633264726589700108e-02
1.390605443271009933e-01 -9.901491855497019934e-01 -1.633264726589800028e-02
-7.879098914822919575e-01 -6.155735122842550533e-01 -1.634790134510200055e-02
7.879098914822919575e-01 6.155735122842550533e-01 -1.634790134510200055e-02
-9.330436313657639591e-01 -2.642265124432520151e-01 -2.441596446791819974e-01
9.330436313657639591e-01 2.642265124432520151e-01 -2.441596446791819974e-01
-2.377503131036020068e-01 -9.401324988464360155e-01 -2.441836874811549873e-01
2.377503131036000084e-01 9.401324988464370147e-01 -2.441836874811559865e-01
-6.953452254290789503e-01 6.759104930814939793e-01 -2.442130684777449878e-01
6.953452254290789503e-01 -6.759104930814939793e-01 -2.442130684777449878e-01
-3.459901726781329789e-01 7.774308217740749649e-01 -5.252543362656250103e-01
3.459901726781319797e-01 -7.774308217740749649e-01 -5.252543362656250103e-01
-8.462582681960210129e-01 8.903378071819000039e-02 -5.252808100443959738e-01
8.462582681960210129e-01 -8.903378071819000039e-02 -5.252808100443959738e-01
-5.002430032651480341e-01 -6.882932007853700407e-01 -5.253659747613039777e-01
5.002430032651480341e-01 6.882932007853700407e-01 -5.253659747613039777e-01
-4.017598372367099935e-01 3.900826399051759985e-01 -8.285074334175529520e-01
4.017598372367099935e-01 -3.900826399051759985e-01 -8.285074334175529520e-01
-1.369008273013790078e-01 -5.429648119247090232e-01 -8.285211985795920553e-01
1.369008273013790078e-01 5.429648119247090232e-01 -8.285211985795920553e-01
-5.386861920062430142e-01 -1.528447484289010005e-01 -8.285262032184129710e-01
5.386861920062430142e-01 1.528447484289010005e-01 -8.285262032184129710e-01
