0.000000000000000000e+00 1.000000000000000000e+00 0.000000000000000000e+00
0.000000000000000000e+00 3.090169943749474513e-01 9.510565162951535312e-01
0.000000000000000000e+00 -8.090169943749474513e-01 -5.877852522924731371e-01
0.000000000000000000e+00 -8.090169943749474513e-01 5.877852522924731371e-01
0.000000000000000000e+00 3.090169943749474513e-01 -9.510565162951535312e-01
7.071067811865475727e-01 7.071067811865475727e-01 0.000000000000000000e+00
7.071067811865475727e-01 2.185080122244105472e-01 6.724985119639573794e-01
7.071067811865475727e-01 -5.720614028176842503e-01 -4.156269377774534091e-01
7.071067811865475727e-01 -5.720614028176842503e-01 4.156269377774534091e-01
7.071067811865475727e-01 2.185080122244105472e-01 -6.724985119639573794e-01
-7.071067811865475727e-01 7.071067811865475727e-01 0.000000000000000000e+00
-7.071067811865475727e-01 2.185080122244105472e-01 -6.724985119639573794e-01
-7.071067811865475727e-01 -5.720614028176842503e-01 4.156269377774534091e-01
-7.071067811865475727e-01 -5.720614028176842503e-01 -4.156269377774534091e-01
-7.071067811865475727e-01 2.185080122244105472e-01 6.724985119639573794e-01
