5.074754464108169882e-01 -3.062000132395710228e-01 8.054254920116630245e-01
-3.062000132395690244e-01 8.054254920116630245e-01 5.074754464108169882e-01
-5.074754464108169882e-01 3.062000132395700236e-01 8.054254920116630245e-01
8.054254920116630245e-01 5.074754464108169882e-01 -3.062000132395690244e-01
3.062000132395690244e-01 8.054254920116640237e-01 -5.074754464108169882e-01
8.054254920116630245e-01 -5.074754464108169882e-01 3.062000132395690244e-01
3.062000132395690244e-01 -8.054254920116630245e-01 5.074754464108159890e-01
-8.054254920116630245e-01 -5.074754464108169882e-01 -3.062000132395690244e-01
-3.062000132395700236e-01 -8.054254920116640237e-01 -5.074754464108159890e-01
-8.054254920116630245e-01 5.074754464108179874e-01 3.062000132395690244e-01
5.074754464108169882e-01 3.062000132395700236e-01 -8.054254920116630245e-01
-5.074754464108169882e-01 -3.062000132395700236e-01 -8.054254920116630245e-01
6.263636702652709554e-01 -2.435277754091939861e-01 -7.405152092807200104e-01
-2.435277754091950131e-01 -7.405152092807200104e-01 6.263636702652709554e-01
-6.263636702652709554e-01 2.435277754091939861e-01 -7.405152092807200104e-01
-7.405152092807200104e-01 6.263636702652699562e-01 -2.435277754091950131e-01
2.435277754091950131e-01 -7.405152092807190112e-01 -6.263636702652709554e-01
-7.405152092807200104e-01 -6.263636702652699562e-01 2.435277754091950131e-01
2.435277754091950131e-01 7.405152092807190112e-01 6.263636702652709554e-01
7.405152092807200104e-01 -6.263636702652699562e-01 -2.435277754091950131e-01
-2.435277754091950131e-01 7.405152092807200104e-01 -6.263636702652709554e-01
7.405152092807200104e-01 6.263636702652699562e-01 2.435277754091950131e-01
6.263636702652709554e-01 2.435277754091939861e-01 7.405152092807200104e-01
-6.263636702652709554e-01 -2.435277754091939861e-01 7.405152092807200104e-01
-2.862487234260350233e-01 9.571203270924579787e-01 -4.452356458542099799e-02
9.571203270924579787e-01 -4.452356458541999878e-02 -2.862487234260350233e-01
2.862487234260350233e-01 -9.571203270924579787e-01 -4.452356458542099799e-02
-4.452356458541999878e-02 -2.862487234260350233e-01 9.571203270924579787e-01
-9.571203270924579787e-01 -4.452356458541899958e-02 2.862487234260350233e-01
-4.452356458542099799e-02 2.862487234260340241e-01 -9.571203270924579787e-01
-9.571203270924579787e-01 4.452356458541999878e-02 -2.862487234260340241e-01
4.452356458542099799e-02 2.862487234260340241e-01 9.571203270924579787e-01
9.571203270924579787e-01 4.452356458541999878e-02 2.862487234260340241e-01
4.452356458542099799e-02 -2.862487234260340241e-01 -9.571203270924579787e-01
-2.862487234260340241e-01 -9.571203270924579787e-01 4.452356458542099799e-02
2.862487234260350233e-01 9.571203270924579787e-01 4.452356458542099799e-02
