4.189872338717239852e-01 -3.072413097459930076e-01 8.544310829072689906e-01
-4.189872341145740031e-01 3.072413098263909736e-01 8.544310827592730417e-01
5.658587159611599970e-02 5.164767894201940379e-01 8.544294968725719697e-01
-5.658587177851900213e-02 -5.164767894509799673e-01 8.544294968418829628e-01
4.755749550300050199e-01 2.092349268443340071e-01 8.544291705791979830e-01
-4.755749553334089885e-01 -2.092349268721780120e-01 8.544291704035039681e-01
8.186563039697030142e-01 4.463615170740600074e-02 5.725464784027739507e-01
-8.186563041813540442e-01 -4.463615169310600206e-02 5.725464781012600257e-01
4.479857042857879890e-01 -6.866582651814899796e-01 5.725462737748909792e-01
-4.479857044472709826e-01 6.866582651924579839e-01 5.725462736353860160e-01
3.706750443741870238e-01 7.312942918044710305e-01 5.725457800494140326e-01
-3.706750445284159867e-01 -7.312942918105289625e-01 5.725457799418259830e-01
2.483491383107709893e-01 9.674251716069699469e-01 4.910440755697800114e-02
-2.483491383275739928e-01 -9.674251716055269901e-01 4.910440750042800034e-02
9.619907654119229656e-01 2.686313269381069846e-01 4.910170516034999960e-02
-9.619907654636929983e-01 -2.686313268046500169e-01 4.910170487621400015e-02
7.136399875990689923e-01 -6.987897964418839925e-01 4.909978093953600020e-02
-7.136399876334289516e-01 6.987897964216319702e-01 4.909978072836899965e-02
9.016743040433100598e-02 -9.109972838131770168e-01 4.024348187959069789e-01
-9.016743051654599328e-02 9.109972838171099818e-01 4.024348187618609907e-01
8.340309271769309474e-01 -3.774121851800419924e-01 4.024331683522289760e-01
-8.340309273365430487e-01 3.774121851359369950e-01 4.024331680627999952e-01
7.438662095538349783e-01 5.335863643402130041e-01 4.024284459058570240e-01
-7.438662096919329558e-01 -5.335863643074360008e-01 4.024284456940510069e-01
-3.676899999999999731e-11 3.825999999999999894e-11 1.000000000000000000e+00
1.992380000000000103e-10 2.866699999999999972e-11 -1.000000000000000000e+00
1.551760109494100016e-02 -9.153192457426180262e-01 -4.024299720813829806e-01
-1.551760098780900071e-02 9.153192457400900484e-01 -4.024299720912640210e-01
7.849309342028609748e-01 4.710979336917099913e-01 -4.024303236621519786e-01
-7.849309341392960437e-01 -4.710979336550040197e-01 -4.024303238291049856e-01
8.004455275356879840e-01 -4.442209056433970016e-01 -4.024360128485949817e-01
-8.004455274681320232e-01 4.442209055907029858e-01 -4.024360130411300251e-01
3.582850973956179796e-01 -9.323202464922419885e-01 -4.909935809008100088e-02
-3.582850973792779947e-01 9.323202464929609690e-01 -4.909935819565600101e-02
9.865547233743720001e-01 -1.558803818208369940e-01 -4.910279371997999798e-02
-9.865547233783169556e-01 1.558803817157120020e-01 -4.910279397443999966e-02
6.282700417200579590e-01 7.764441873670190342e-01 -4.910375322769500173e-02
-6.282700417178299634e-01 -7.764441873591100274e-01 -4.910375338126399952e-02
8.183409220068710299e-01 5.009388286455199873e-02 -5.725458394473720292e-01
-8.183409219068139562e-01 -5.009388286935199941e-02 -5.725458395899649666e-01
3.657871115625039860e-01 7.337511247024509631e-01 -5.725461343967389594e-01
-3.657871114148170122e-01 -7.337511247161939698e-01 -5.725461344734800173e-01
4.525495872342020220e-01 -6.836587737049869551e-01 -5.725465502737280277e-01
-4.525495870757509920e-01 6.836587737018370303e-01 -5.725465504027309471e-01
3.807539056886070084e-01 3.535223202269109910e-01 -8.544287169824370531e-01
-3.807539054937479905e-01 -3.535223202854150260e-01 -8.544287170450639568e-01
4.965337590933839862e-01 -1.529796182182970032e-01 -8.544304901455570533e-01
-4.965337588917689837e-01 1.529796182471049870e-01 -8.544304902575630134e-01
1.157814679693419946e-01 -5.065008368599149824e-01 -8.544305436576280499e-01
-1.157814676980890023e-01 5.065008368412130535e-01 -8.544305437054710017e-01
