1.561349768075739886e-01 9.665215731038659941e-01 -2.036121748376719942e-01
3.369551447886149909e-01 -8.949929562269830496e-01 2.923163332839440187e-01
4.029792628787450259e-01 -2.496702439190200129e-02 9.148684940376500263e-01
6.996220148110819936e-01 4.844645972937750011e-01 -5.251886236017140330e-01
4.458590719127900059e-01 4.075899760048939946e-01 7.969191298076579999e-01
-9.208891297490779948e-01 -2.330475194675480088e-01 3.124933029362539916e-01
-9.714880286654540287e-01 7.645351413796899753e-02 -2.244234175295999889e-01
2.686144801873309729e-01 7.270706367520890501e-01 -6.318342743208870127e-01
-5.002472497166520204e-01 -4.767966666500340067e-01 -7.227846344675169510e-01
-5.999999999999999677e-15 -1.000000000000000000e+00 -2.999999999999999839e-15
-8.660253960929730210e-01 5.000000133220090515e-01 -7.817164000000000779e-09
8.660253960929710226e-01 5.000000133220130483e-01 7.817174000000000658e-09
3.101575899999999722e-08 1.397026199999999950e-08 9.999999999999990008e-01
-3.101576600000000276e-08 1.397024300000000006e-08 -9.999999999999990008e-01
-1.561349768075860067e-01 9.665215731038679925e-01 2.036121748376540086e-01
-3.369551447886229845e-01 -8.949929562269800520e-01 -2.923163332839450179e-01
-4.029792628787500219e-01 -2.496702439190099862e-02 -9.148684940376480279e-01
-6.996220148110749992e-01 4.844645972937730027e-01 5.251886236017250242e-01
-4.458590719127870083e-01 4.075899760049019882e-01 -7.969191298076560015e-01
9.208891297490789940e-01 -2.330475194675460104e-01 -3.124933029362499948e-01
9.714880286654550279e-01 7.645351413795599405e-02 2.244234175296019873e-01
-2.686144801873119881e-01 7.270706367520940461e-01 6.318342743208890111e-01
5.002472497166570164e-01 -4.767966666500310091e-01 7.227846344675149526e-01
9.150997300628540554e-01 -3.480439149577749802e-01 2.036121737513680030e-01
-6.066090525552899626e-01 7.393082009511630082e-01 -2.923163378333979989e-01
1.798675653914839911e-01 3.614737493992650208e-01 -9.148685082651919487e-01
7.693696608417329719e-01 3.636581360511870198e-01 5.251886185553269470e-01
5.759128093266020487e-01 1.823302831821690118e-01 -7.969191325901590073e-01
-6.622696740176819974e-01 -6.809895981404250342e-01 -3.124932736892990226e-01
-4.195333645976980219e-01 -8.795600604278419610e-01 2.244233857901329898e-01
7.639688701606269783e-01 -1.309083835718669875e-01 6.318342824950989867e-01
-6.630416150504739869e-01 -1.948285510376130125e-01 7.227846514777710452e-01
-9.150997300628580522e-01 -3.480439149577609914e-01 -2.036121737513710006e-01
6.066090525552809698e-01 7.393082009511660058e-01 2.923163378334089901e-01
-1.798675653914920125e-01 3.614737493992770112e-01 9.148685082651859535e-01
-7.693696608417269767e-01 3.636581360511880190e-01 -5.251886185553350517e-01
-5.759128093266080439e-01 1.823302831821569936e-01 7.969191325901570089e-01
6.622696740176760022e-01 -6.809895981404300302e-01 3.124932736893000218e-01
4.195333645976930259e-01 -8.795600604278439594e-01 -2.244233857901319906e-01
-7.639688701606269783e-01 -1.309083835718679867e-01 -6.318342824950989867e-01
6.630416150504879758e-01 -1.948285510375940000e-01 -7.227846514777630516e-01
7.589647668271249925e-01 -6.184776142221050099e-01 -2.036121887834330124e-01
-9.435642095320679879e-01 1.556847812504200124e-01 2.923163207505419803e-01
-2.231116745506019905e-01 -3.365067331111589732e-01 9.148685147331729883e-01
6.974765071558200469e-02 -8.481227552913760404e-01 -5.251885920092159710e-01
1.300537072207580136e-01 -5.899202657108759684e-01 7.969191385214360324e-01
2.586194585922649836e-01 9.140371513075760124e-01 3.124932985953060016e-01
5.519546947292159889e-01 8.031065630429160551e-01 -2.244234019967019933e-01
4.953543882680589983e-01 -5.961622935515189514e-01 -6.318342739761509952e-01
-1.627943442533890117e-01 6.716251469894559678e-01 -7.227846590863019616e-01
-7.589647668271299885e-01 -6.184776142221010131e-01 2.036121887834269895e-01
9.435642095320699863e-01 1.556847812504260076e-01 -2.923163207505319883e-01
2.231116745506200039e-01 -3.365067331111599724e-01 -9.148685147331679923e-01
-6.974765071558000629e-02 -8.481227552913770396e-01 5.251885920092129734e-01
-1.300537072207549882e-01 -5.899202657108779668e-01 -7.969191385214350332e-01
-2.586194585922800271e-01 9.140371513075670196e-01 -3.124932985953209896e-01
-5.519546947292189865e-01 8.031065630429089497e-01 2.244234019967180083e-01
-4.953543882680530031e-01 -5.961622935515269450e-01 6.318342739761479976e-01
1.627943442534059981e-01 6.716251469894579662e-01 7.227846590862959664e-01
