1.670713000124819936e-01 -3.257526612678879885e-01 9.305763721420330370e-01
-1.670713000124240122e-01 3.257526612679519928e-01 9.305763721420210466e-01
-5.514582715988429751e-01 -1.815755996163569974e-01 8.142014961354330227e-01
5.514582715988639583e-01 1.815755996164599984e-01 8.142014961353950531e-01
9.475210509604199693e-02 -7.645917828001289607e-01 6.375119169508820516e-01
-9.475210509600200115e-02 7.645917828001850269e-01 6.375119169508219885e-01
8.167046597223750481e-01 -3.191889139536410180e-01 4.807410279941319864e-01
-8.167046597223649451e-01 3.191889139536799869e-01 4.807410279941239928e-01
-6.655391307167419779e-01 -5.883090574625859936e-01 4.592930637319569964e-01
6.655391307168160298e-01 5.883090574626029801e-01 4.592930637318279885e-01
-1.559263661910149923e-01 -9.802757562444089912e-01 1.214347975084440062e-01
1.559263661909920107e-01 9.802757562444149864e-01 1.214347975084260067e-01
-5.679060004720140054e-01 8.141157206744219499e-01 1.212368260003840043e-01
5.679060004718949894e-01 -8.141157206745049946e-01 1.212368260003830051e-01
5.000000000000000152e-14 1.100000000000000046e-14 -1.000000000000000000e+00
9.809221794234930236e-01 -1.940725840289969917e-01 -1.129203450983999948e-02
-9.809221794235379877e-01 1.940725840287700066e-01 -1.129203450986399938e-02
3.052562244003270142e-01 8.517757363044470287e-01 -4.257895401578979944e-01
-3.052562244003930170e-01 -8.517757363044079488e-01 -4.257895401579290251e-01
-4.377144337720569878e-01 7.839384236672179984e-01 -4.402801634933889985e-01
4.377144337719630074e-01 -7.839384236672399808e-01 -4.402801634934430108e-01
8.263975566823079655e-01 1.296228377694060019e-01 -5.479644132953519486e-01
-8.263975566822939767e-01 -1.296228377693819933e-01 -5.479644132953770397e-01
-8.511577338795239811e-01 -5.211550457605289566e-01 -6.267320268993699373e-02
8.511577338795740522e-01 5.211550457604380293e-01 -6.267320269001200317e-02
5.515515270422419736e-01 -3.728915459882359840e-01 -7.461520005654840304e-01
-5.515515270422000071e-01 3.728915459882439776e-01 -7.461520005655110088e-01
2.774204890937300161e-01 4.824270698273590008e-01 -8.308441457510450379e-01
-2.774204890937410073e-01 -4.824270698273009916e-01 -8.308441457510760131e-01
