2.013637531077699938e-01 9.231811291770199990e-01 -3.273976812162779915e-01
3.939427235519750159e-01 3.319126954627899667e-02 -9.185355029536740323e-01
-2.608529397875180011e-01 -5.307153154475939827e-01 -8.064099439823220195e-01
9.404723252287859880e-01 -3.281228347982320104e-01 8.858448375834700184e-02
-7.670702090332720546e-01 6.415631630733890090e-01 4.691397032599999939e-05
-8.027833282317620167e-01 -2.222129145829329910e-01 5.533175837669479513e-01
-4.722838532405320144e-01 -4.212025385354429829e-01 7.742973482452170098e-01
-4.650113371080910052e-01 8.563620577177080140e-01 2.245183343569910062e-01
-2.316126294662680107e-01 -8.198338455229610133e-01 5.236678867438370188e-01
-6.127322345621699640e-01 -3.556834501113820268e-01 -7.057255075773539721e-01
-5.843469569240270500e-01 -6.681556527503470511e-01 4.605503855512300126e-01
-4.402836999161500314e-02 -5.958668572169799615e-01 8.018754211885039673e-01
7.855384963361460304e-01 5.425110392385390501e-01 -2.976760707182680155e-01
-1.885353515234879929e-01 2.250164615472800000e-01 9.559403816445130042e-01
-7.250926759465199656e-02 8.087059275414150150e-01 -5.837269300557119678e-01
4.351542913144500202e-02 -9.840593984573580144e-01 1.724340677918609899e-01
-4.718974607300929769e-01 -7.362698936759010104e-01 -4.849942579278310184e-01
9.556901309999720207e-01 2.323353110997339876e-01 -1.807669126954550010e-01
1.810670000000000014e-10 9.714699999999999550e-11 -1.000000000000000000e+00
-9.231811291472890035e-01 2.013637532500439919e-01 -3.273976812126069835e-01
-3.319126959656899800e-02 3.939427234016349977e-01 -9.185355030163350198e-01
5.307153154332210354e-01 -2.608529400173160151e-01 -8.064099439174470252e-01
3.281228347078499752e-01 9.404723252616720153e-01 8.858448374399099934e-02
-6.415631631221849762e-01 -7.670702089924530398e-01 4.691408876500000096e-05
2.222129145769259906e-01 -8.027833281415660549e-01 5.533175839002210106e-01
4.212025385893919949e-01 -4.722838531042160004e-01 7.742973482990159750e-01
-8.563620577550890012e-01 -4.650113370294510218e-01 2.245183343772869933e-01
8.198338455532699909e-01 -2.316126293944590075e-01 5.236678867281460148e-01
3.556834499292069740e-01 -6.127322346485569726e-01 -7.057255075941659683e-01
6.681556527793379718e-01 -5.843469568572370321e-01 4.605503855939159785e-01
5.958668573090559750e-01 -4.402836987425499948e-02 8.018754211265269882e-01
-5.425110391940010102e-01 7.855384963859399772e-01 -2.976760706680359747e-01
-2.250164615408790092e-01 -1.885353514794660124e-01 9.559403816547009658e-01
-8.087059275359209654e-01 -7.250926756172999810e-02 -5.837269300674130523e-01
9.840593984849960174e-01 4.351542902614000119e-02 1.724340676607130085e-01
7.362698936511390402e-01 -4.718974608290070205e-01 -4.849942578691789907e-01
-2.323353110485439910e-01 9.556901310146239670e-01 -1.807669126837850027e-01
-2.013637532649039941e-01 -9.231811291900100525e-01 -3.273976810830049877e-01
-3.939427232954659797e-01 -3.319126972153699923e-02 -9.185355030573529866e-01
2.608529398923760123e-01 5.307153154136280415e-01 -8.064099439707560490e-01
-9.404723252441800074e-01 3.281228347428070125e-01 8.858448380020500501e-02
7.670702089582279726e-01 -6.415631631631010245e-01 4.691414933799999950e-05
8.027833282885189492e-01 2.222129146655650034e-01 5.533175836514170332e-01
4.722838532810039736e-01 4.212025385470919980e-01 7.742973482141940478e-01
4.650113370238470045e-01 -8.563620577189250405e-01 2.245183345268340069e-01
2.316126294597629920e-01 8.198338455115650181e-01 5.236678867645530033e-01
6.127322345769560252e-01 3.556834499768690150e-01 -7.057255076323110110e-01
5.843469568957290194e-01 6.681556528125710548e-01 4.605503854968610034e-01
4.402836999148800057e-02 5.958668572511249817e-01 8.018754211631380358e-01
-7.855384964034149986e-01 -5.425110392139239623e-01 -2.976760705856130174e-01
1.885353515048749928e-01 -2.250164614692820031e-01 9.559403816665430487e-01
7.250926749054399656e-02 -8.087059276215210479e-01 -5.837269299576639536e-01
-4.351542909274099674e-02 9.840593984575279896e-01 1.724340678006580085e-01
4.718974606949529749e-01 7.362698936936520333e-01 -4.849942579350750016e-01
-9.556901310150489604e-01 -2.323353109644550052e-01 -1.807669127896170125e-01
9.231811291561810018e-01 -2.013637532466500124e-01 -3.273976811896209815e-01
3.319126960638500018e-02 -3.939427233051849830e-01 -9.185355030573449930e-01
-5.307153153454150507e-01 2.608529397046279730e-01 -8.064099440763800031e-01
-3.281228347474309803e-01 -9.404723252377530374e-01 8.858448385131900693e-02
6.415631630457140355e-01 7.670702090564139874e-01 4.691403931399999765e-05
-2.222129146170110092e-01 8.027833282211329635e-01 5.533175837686830079e-01
-4.212025385581579795e-01 4.722838532621210228e-01 7.742973482196919832e-01
8.563620577288190150e-01 4.650113371108209881e-01 2.245183343089580119e-01
-8.198338455274619685e-01 2.316126294629360094e-01 5.236678867382620339e-01
-3.556834500915220243e-01 6.127322345094240452e-01 -7.057255076331589994e-01
-6.681556527955749836e-01 5.843469569252409679e-01 4.605503854840760081e-01
-5.958668572678179620e-01 4.402837000805699674e-02 8.018754211498240192e-01
5.425110391816230226e-01 -7.855384964249549906e-01 -2.976760705876380086e-01
2.250164615292090109e-01 1.885353515397429902e-01 9.559403816455599445e-01
8.087059276344059633e-01 7.250926749358399537e-02 -5.837269299394349797e-01
-9.840593984739059996e-01 -4.351542909504600015e-02 1.724340677066129868e-01
-7.362698936442649833e-01 4.718974606803130190e-01 -4.849942580242930235e-01
2.323353110261139887e-01 -9.556901310242029712e-01 -1.807669126619690092e-01
