-1.194014681897919983e-01 3.694690498366189901e-01 9.215399669069970212e-01
1.194015202551459987e-01 3.694691349499750199e-01 -9.215399260368899448e-01
2.609006611862709768e-01 -2.877765795491549761e-01 -9.214746253997210257e-01
-2.609006208364350043e-01 -2.877764561181340164e-01 9.214746753716299699e-01
3.795236243569000134e-01 -8.136490126849199589e-02 9.215972935054500548e-01
-3.795235424645009847e-01 -8.136472769914400438e-02 -9.215973425534820240e-01
3.569442027753400026e-01 -5.650696312512609731e-01 -7.438327419135569718e-01
-3.569442617980920218e-01 -5.650695295933659823e-01 7.438327908169599656e-01
-3.106113256023469993e-01 5.919339231340310370e-01 7.437303510350420366e-01
3.106113961678210189e-01 5.919339833955039598e-01 -7.437302736020690030e-01
-6.677839459836160119e-01 -2.680671058268399923e-02 -7.438723020480639825e-01
6.677839618751969519e-01 -2.680661756062800022e-02 7.438722911341869581e-01
-1.654750192394159880e-01 -9.684786496488130281e-01 1.861910931868840102e-01
1.654750035343000025e-01 -9.684786504350599845e-01 -1.861911030549230073e-01
-9.215697878340629590e-01 3.406478370535169775e-01 -1.861939238059109880e-01
9.215698159898779718e-01 3.406477904770959797e-01 1.861938696613149868e-01
-7.557966030132150514e-01 6.278271418020809902e-01 1.860230493522629924e-01
7.557965464099329900e-01 6.278271408033050394e-01 -1.860232826975329878e-01
-6.555764482087830247e-01 -4.590000842898300099e-02 7.537325187227740253e-01
6.555764155036409857e-01 -4.590016710064200034e-02 -7.537325375061969535e-01
-3.668913087500910164e-01 -5.444407727194869873e-01 -7.543043235752080466e-01
3.668912945488689847e-01 -5.444408572547609904e-01 7.543042694668750103e-01
2.876344860499209788e-01 5.903618429051129546e-01 7.541480603147340256e-01
-2.876345214035380127e-01 5.903618561091880101e-01 -7.541480364943430326e-01
-7.053003919070389705e-01 3.090826516740770025e-01 -6.379806200895900004e-01
7.053003717396519878e-01 3.090828000777949836e-01 6.379805704878309669e-01
-8.493980775398199401e-02 -7.653702096614160011e-01 6.379605561643729716e-01
8.493965613373100076e-02 -7.653702051289410502e-01 -6.379605817891620401e-01
6.203278960012990062e-01 4.562105845246600122e-01 -6.380166173464999479e-01
-6.203278333245370035e-01 4.562106354720000256e-01 6.380166418559299890e-01
6.749766593884860555e-01 -4.150527125494289926e-01 -6.100309460069389678e-01
-6.749766429640039478e-01 -4.150526594545579928e-01 6.100310003046910401e-01
-2.180050569507999830e-02 7.921667908344339759e-01 6.099151690608399790e-01
2.180041116724100100e-02 7.921667618067750327e-01 -6.099152101411370319e-01
-6.965077940005459656e-01 -3.772520670815809885e-01 -6.103751066181910545e-01
6.965078221258349522e-01 -3.772520087834910218e-01 6.103751105560799584e-01
9.532907690045879789e-01 2.547616397337250094e-01 -1.622751264082860079e-01
-9.532907706956480487e-01 2.547616119187510186e-01 1.622751601418309930e-01
6.975166778079270324e-01 6.978824855241100300e-01 1.625746615511899917e-01
-6.975166014955069826e-01 6.978825073714509664e-01 -1.625748951809440068e-01
-2.560493411120129958e-01 -9.529270712550219624e-01 -1.623845183058759967e-01
2.560493858006709922e-01 -9.529270482294499578e-01 1.623845829622000136e-01
-2.095450201260289913e-01 9.281956732760430206e-01 3.074795548520489752e-01
2.095448382235469975e-01 9.281957371230520337e-01 -3.074794860807180119e-01
6.989696845031929673e-01 -6.455473896686260149e-01 -3.077498137083580221e-01
-6.989697266741580206e-01 -6.455473523614210229e-01 3.077497961854909758e-01
9.084502163546489539e-01 -2.826599205312340102e-01 3.079311184834500059e-01
-9.084501934972919468e-01 -2.826599212409769968e-01 -3.079311852651129833e-01
-3.776670906828969998e-01 9.214499013471130207e-01 -9.109142617453999669e-02
3.776671461438990129e-01 9.214498711556720068e-01 9.109150163829199398e-02
6.093527157592509846e-01 -7.876569182834609606e-01 9.102662729677600539e-02
-6.093527568974650421e-01 -7.876568912815169465e-01 -9.102658555716600097e-02
9.867909301028530145e-01 -1.340742633584960097e-01 -9.092718059867099800e-02
-9.867909339448379669e-01 -1.340742180183190080e-01 9.092720575851599707e-02
6.111984237790719643e-01 -6.764355900691809698e-01 4.109396296997129827e-01
-6.111984030763020215e-01 -6.764356549367940286e-01 -4.109395537146650068e-01
-2.804131054662579725e-01 8.675835023496010212e-01 -4.106913156295969869e-01
2.804131444552300234e-01 8.675834163391179521e-01 4.106914707052909952e-01
-8.915578274171479523e-01 -1.910747588032969957e-01 4.106276621459850062e-01
8.915578589023159806e-01 -1.910747440597830027e-01 -4.106276006456550109e-01
-6.254466480856980537e-01 5.972472940237040229e-01 -5.021077177058009822e-01
6.254467217253100175e-01 5.972473648138270086e-01 5.021075417736740043e-01
2.046632106445940014e-01 -8.403886263269939594e-01 5.018564804292909853e-01
-2.046633024566349990e-01 -8.403886011465040440e-01 -5.018564851534409454e-01
8.302021757750339681e-01 2.433319398220570029e-01 -5.015515072261610419e-01
-8.302021659561770184e-01 2.433320361445580060e-01 5.015514767473180369e-01
-4.218410320231589794e-01 1.045870533317249940e-01 9.006173948892080006e-01
4.218410997545840035e-01 1.045871145938890023e-01 -9.006173560501530284e-01
-1.200041348124410018e-01 -4.169890790196160157e-01 -9.009545580140490006e-01
1.200040681466320036e-01 -4.169891981542929726e-01 9.009545117545599835e-01
3.011542632502979822e-01 3.128398210147019798e-01 9.007981772370879936e-01
-3.011541399045780110e-01 3.128397901811719728e-01 -9.007982291821700072e-01
5.179973618942800284e-01 7.747265222605500545e-01 -3.625983298039859859e-01
-5.179975624350310337e-01 7.747263922569439520e-01 3.625983210825809988e-01
9.299412606177049900e-01 6.099180559709199700e-02 3.626144666870880218e-01
-9.299412864213050245e-01 6.099181952637199727e-02 -3.626143981696670071e-01
4.119548373784879813e-01 -8.360212527805209737e-01 -3.624385145921329987e-01
-4.119549201943080163e-01 -8.360212082184610427e-01 3.624385232513879784e-01
6.295033299999999486e-08 9.999999999999870104e-01 1.510901230000000078e-07
8.659764514682459779e-01 -5.000847567199959709e-01 1.469651889749999955e-04
-8.659765119218000295e-01 -5.000846520319369715e-01 -1.469756749540000068e-04
2.555226211319999979e-04 7.400391914699999641e-05 -9.999999646158039823e-01
-2.552680075290000026e-04 7.400988538300000441e-05 9.999999646803899855e-01
