2.357544699780400044e-01 -7.308507530091979953e-01 -6.405286931209730472e-01
7.249181252400159758e-01 3.927669144329040130e-01 -5.658867931179849542e-01
-2.357633926602600016e-01 7.308491292881229562e-01 -6.405272616369399596e-01
-7.249230779611239850e-01 -3.927706974165440235e-01 -5.658778227588460163e-01
-1.726336539090050082e-01 -8.443695402391060423e-01 -5.071860615734899991e-01
7.519469515845830232e-01 -1.354072357438980134e-01 -6.451671585805109910e-01
1.726254985761949967e-01 8.443719497351139802e-01 -5.071848260169490308e-01
-7.519470541905389771e-01 1.353969049946530112e-01 -6.451692071170469500e-01
-5.109531139244469777e-01 -8.554436364047069974e-01 -8.451686403081300203e-02
8.273622398155570101e-01 -4.565294010229399846e-01 -3.271889822854989749e-01
5.109557616387320200e-01 8.554419076916940368e-01 -8.451835429644199982e-02
-8.273645798342950108e-01 4.565263790900500052e-01 -3.271872815843390181e-01
-6.248419749010269975e-01 7.110746196611990033e-01 -3.224056322018359899e-01
-6.803188914134850052e-01 -6.895890303834519841e-01 -2.482602971897399924e-01
6.248386666559999636e-01 -7.110754684784800217e-01 -3.224101716442300258e-01
6.803132362875510264e-01 6.895897684470420064e-01 -2.482737436482430060e-01
-2.810152796311869983e-01 8.938298604293629657e-01 -3.494260912104760197e-01
-9.034123643867609799e-01 -3.020177475543470158e-01 -3.043540373238389773e-01
2.810106277777419947e-01 -8.938303230663280363e-01 -3.494286488585359729e-01
9.034090565198940048e-01 3.020206855142010260e-01 -3.043609405284590230e-01
4.096831963183700243e-01 -3.073286862056209823e-01 -8.588997364590880146e-01
3.313155523070669961e-01 4.485178901693199771e-01 -8.300974081380599889e-01
-4.096892715672659779e-01 3.073278078739219987e-01 -8.588971529060349663e-01
-3.313178591927229966e-01 -4.485191709032029794e-01 -8.300957953828309588e-01
2.515521336404339947e-01 -9.677737870510679796e-01 -1.163705967073700061e-02
9.947158002774839636e-01 9.514819689318100571e-02 3.856549372562299849e-02
-2.515532229676780140e-01 9.677735001172960150e-01 -1.163737450167199976e-02
-9.947153868922580244e-01 -9.514891344217099589e-02 3.857438723505599715e-02
-4.618805184384069951e-01 -6.719940819637100216e-01 5.788698821780400294e-01
6.512417035677100507e-01 -3.938649310411769799e-01 6.486560410804449450e-01
4.618903097423929793e-01 6.719953832484519829e-01 5.788605589076200042e-01
-6.512325409269920096e-01 3.938712942697170094e-01 6.486613763652590015e-01
5.021595386000670125e-01 3.784378386570410036e-01 7.775735335423630268e-01
-3.388101279104799857e-01 6.252438454188750105e-01 7.030489534812649488e-01
-5.021666761577440186e-01 -3.784328540230529891e-01 7.775713500076060214e-01
3.388224696699850269e-01 -6.252423598306720010e-01 7.030443268529410483e-01
-9.262770282276959755e-01 6.597693607145099781e-02 -3.710227902491869956e-01
-1.420093298627909950e-01 -9.640998415257390208e-01 -2.243765714194909944e-01
9.262771801737570421e-01 -6.597532320103399739e-02 -3.710226977125160031e-01
1.420102409347009931e-01 9.640997888123910009e-01 -2.243762212926579958e-01
4.226309054386139796e-01 8.610246544013410164e-01 2.828774686700730179e-01
-8.590927511651389459e-01 3.050495482409770198e-01 4.109798267719330100e-01
-4.226258973099359939e-01 -8.610244845741340525e-01 2.828854677900909942e-01
8.590977959943230102e-01 -3.050396842395670105e-01 4.109766026876989775e-01
9.634475250261520518e-01 -2.673979272671350160e-01 -1.634671264265399881e-02
1.162379082187210005e-01 9.830012667066480025e-01 1.421170586033279892e-01
-9.634493736357809812e-01 2.673914544885729883e-01 -1.634363812944400127e-02
-1.162401820139510045e-01 -9.830008863383510320e-01 1.421178297870480112e-01
-2.790354788449179724e-01 -7.277204545861799823e-02 -9.575194154405209934e-01
6.153338259236899865e-02 -2.389112721668540107e-01 -9.690898032991349664e-01
2.790357437653260275e-01 7.277661687403999546e-02 -9.575189907974149817e-01
-6.153640256393200225e-02 2.389173999461189912e-01 -9.690881008259649709e-01
-2.127577616538370020e-01 -2.664346236466059725e-01 9.400780425998369605e-01
2.076188130292050127e-01 -3.746838951998789913e-01 9.036074408470690100e-01
2.127562283226460127e-01 2.664299096473269901e-01 9.400797256377989575e-01
-2.076102240794009957e-01 3.746808929482550177e-01 9.036106591431950497e-01
8.825183313908370186e-01 4.681196493289920268e-01 4.500431836207399727e-02
-5.886829958433410503e-01 8.070396884210220279e-01 4.625226176317100146e-02
-8.825202785215490175e-01 -4.681150739346530143e-01 4.501372627768700230e-02
5.886816889879189496e-01 -8.070409911327990349e-01 4.624616396763100296e-02
-5.691354441931999707e-03 5.794389900511950353e-01 -8.149957455674650131e-01
-5.997549131406769707e-01 -1.348125874108860034e-01 -7.887455929760880391e-01
5.685223634188000391e-03 -5.794354453986190201e-01 -8.149983084939099731e-01
5.997570023764420277e-01 1.348029209611180113e-01 -7.887456564703060335e-01
-5.772451706672600269e-02 -8.350948470333310336e-01 5.470689870462319693e-01
6.819690470976530472e-01 4.493500102319999794e-04 7.313808972657730445e-01
5.773384078470600311e-02 8.350963887682070208e-01 5.470656497117569739e-01
-6.819673023084229513e-01 -4.449794965640000116e-04 7.313825268458490347e-01
5.543192943146829643e-01 -7.184780369090300045e-01 4.201421550259130111e-01
7.854284651719389831e-01 3.312649236789069751e-01 5.228438356121829500e-01
-5.543147270320739617e-01 7.184792454493980074e-01 4.201461141719879944e-01
-7.854302902940240028e-01 -3.312685201722549988e-01 5.228388151538969630e-01
4.597689579721669917e-01 6.750229847003279549e-01 -5.770238083575479626e-01
-5.608440089921750138e-01 5.022657472872800177e-01 -6.581664809753949852e-01
-4.597772420019750061e-01 -6.750227449620580522e-01 -5.770174880546909968e-01
5.608359743923130303e-01 -5.022696549598070215e-01 -6.581703453772289603e-01
-2.302372723133130072e-01 9.012132370997959496e-01 3.671586846498839929e-01
-9.262696808446669872e-01 -5.713611328589299904e-02 3.725049568884969964e-01
2.302385600151649891e-01 -9.012135970460359857e-01 3.671569936437120152e-01
9.262738946167879961e-01 5.714587940920699827e-02 3.724929806291599754e-01
-9.423386896683699776e-02 -6.101802082930409821e-01 7.866384756335039752e-01
4.213180846532629809e-01 -9.983888399238100009e-02 9.014007259744479805e-01
9.424109759569100631e-02 6.101831523659539958e-01 7.866353259882920002e-01
-4.213152571911409905e-01 9.984003433925700555e-02 9.014019201228159472e-01
7.409119271123579820e-01 6.132332975939640551e-01 2.738511255859359950e-01
-8.195949016058270420e-01 5.574768864613109942e-01 1.322260122787390080e-01
-7.409041793322269642e-01 -6.132406623083069830e-01 2.738555954142780080e-01
8.195936677008910376e-01 -5.574783500419939752e-01 1.322274899521959923e-01
8.660930600000000309e-08 -5.422220167999999832e-06 9.999999999852959842e-01
