-1.606328281287039972e-01 8.289373812920769469e-01 5.357797237891159803e-01
-3.558012812304209849e-01 7.079872292131750289e-01 -6.100487943971160121e-01
-3.608153422152349799e-01 -9.216784222243089575e-01 -1.425523581977659882e-01
-6.928199999999999660e-11 9.999999999997659650e-01 -2.431100000000000011e-10
7.901199999999999816e-11 -3.638909999999999793e-10 9.999999999997659650e-01
9.999999999997659650e-01 2.574099999999999931e-10 -1.207180000000000064e-10
1.498729999999999952e-10 -2.452289999999999811e-10 -9.999999999997659650e-01
-9.999999999997659650e-01 8.972800000000000541e-11 1.173790000000000038e-10
-1.836669999999999976e-10 -9.999999999997659650e-01 -5.489699999999999923e-11
5.357797235439369921e-01 -1.606328282234260052e-01 8.289373814321909784e-01
-6.100487943576470284e-01 -3.558012810786440050e-01 7.079872293234600322e-01
-1.425523583156430019e-01 -3.608153422744149741e-01 -9.216784221829099621e-01
8.289373813636780053e-01 -1.606328282227419968e-01 -5.357797236501430360e-01
7.079872292850819537e-01 -3.558012810761819744e-01 6.100487944036230292e-01
-9.216784222364670098e-01 -3.608153421260820171e-01 1.425523583448130016e-01
8.289373813406399893e-01 5.357797236701979937e-01 -1.606328282747349900e-01
7.079872294404310207e-01 -6.100487943332220109e-01 -3.558012808877700217e-01
-9.216784223309659740e-01 -1.425523581031560016e-01 -3.608153419801670148e-01
-5.357797236563960341e-01 8.289373814006529839e-01 -1.606328280110800033e-01
6.100487944093569981e-01 7.079872292895760255e-01 -3.558012810574089912e-01
1.425523583400679917e-01 -9.216784221818480338e-01 -3.608153422674760247e-01
-1.606328281889259912e-01 -5.357797237347460273e-01 8.289373813155489490e-01
-3.558012811001080022e-01 6.100487942657280005e-01 7.079872293918769710e-01
-3.608153419782810234e-01 1.425523581519569927e-01 -9.216784223241559770e-01
-1.606328282504289884e-01 5.357797235317729445e-01 -8.289373814348209857e-01
-3.558012813286839937e-01 -6.100487944954799957e-01 -7.079872290790359957e-01
-3.608153421724469845e-01 -1.425523581594159983e-01 9.216784222469910359e-01
5.357797235366279498e-01 8.289373814275949881e-01 1.606328282715250022e-01
-6.100487943693829740e-01 7.079872291669579987e-01 3.558012813699349963e-01
-1.425523582955010027e-01 -9.216784222837309803e-01 3.608153420248330079e-01
8.289373813332879815e-01 -5.357797236731459689e-01 1.606328283028440052e-01
7.079872292201500050e-01 6.100487944409099805e-01 3.558012811414539844e-01
-9.216784222546059446e-01 1.425523581829800102e-01 3.608153421436859909e-01
-5.357797236552249709e-01 -1.606328280969890054e-01 -8.289373813847620287e-01
6.100487944838060006e-01 -3.558012813559709997e-01 -7.079872290753820296e-01
1.425523582887610052e-01 -3.608153423364789947e-01 9.216784221627709606e-01
-8.289373813132610014e-01 -1.606328282541570063e-01 5.357797237187279515e-01
-7.079872292006920143e-01 -3.558012811508899920e-01 -6.100487944579879862e-01
9.216784223973649715e-01 -3.608153418416519820e-01 -1.425523580244419941e-01
1.606328281463350049e-01 5.357797238074699653e-01 8.289373812767969474e-01
3.558012814125379730e-01 -6.100487945224779551e-01 7.079872290136309809e-01
3.608153421864609967e-01 -1.425523583518679971e-01 -9.216784222117390124e-01
1.606328281551429871e-01 8.289373812139629871e-01 -5.357797239020429814e-01
3.558012812577889816e-01 7.079872293097010383e-01 6.100487942691309451e-01
3.608153419289319985e-01 -9.216784223667140452e-01 1.425523580016999914e-01
-8.289373815037740512e-01 -5.357797234543759668e-01 -1.606328281527500124e-01
-7.079872290828219672e-01 6.100487944884409597e-01 -3.558012813332179780e-01
9.216784221787770459e-01 1.425523583617930024e-01 -3.608153422667380039e-01
5.357797236644860073e-01 -8.289373813509529620e-01 -1.606328282405730112e-01
-6.100487945470419726e-01 -7.079872290604080076e-01 -3.558012812773430067e-01
-1.425523582730839900e-01 9.216784222455840503e-01 -3.608153421311319775e-01
8.289373813212590481e-01 1.606328281352749909e-01 5.357797237419960057e-01
7.079872290739620544e-01 3.558012812562479921e-01 -6.100487945436160464e-01
-9.216784222042260222e-01 3.608153422349130168e-01 -1.425523582778029930e-01
-5.357797236017589615e-01 1.606328284388029992e-01 8.289373813530830359e-01
6.100487943242209887e-01 3.558012813025520082e-01 7.079872292397360045e-01
1.425523581384390004e-01 3.608153419790059990e-01 -9.216784223259629760e-01
-1.606328281803330038e-01 -8.289373814808399521e-01 -5.357797234815889764e-01
-3.558012810423250016e-01 -7.079872292730250427e-01 6.100487944373620408e-01
-3.608153421815399886e-01 9.216784222012399663e-01 1.425523584322040127e-01
5.357797236280890107e-01 1.606328281261520108e-01 -8.289373813966499638e-01
-6.100487944333830015e-01 3.558012811834529998e-01 -7.079872292055290339e-01
-1.425523578903840072e-01 3.608153417701560062e-01 9.216784224460889963e-01
-5.357797239028929681e-01 -8.289373812285230070e-01 1.606328280771709971e-01
6.100487944035010157e-01 -7.079872292509440390e-01 3.558012811443190260e-01
1.425523580120169886e-01 9.216784223817779953e-01 3.608153418863759843e-01
-8.289373814060779777e-01 5.357797236267149987e-01 1.606328280820850107e-01
-7.079872290486920461e-01 -6.100487944786340266e-01 3.558012814179479788e-01
9.216784222896450274e-01 -1.425523581333169865e-01 3.608153420737990058e-01
1.606328280451269908e-01 -5.357797237647869970e-01 -8.289373813239969691e-01
3.558012812148810267e-01 6.100487944044169497e-01 -7.079872292146940360e-01
3.608153421673779837e-01 1.425523583267090111e-01 9.216784222231010348e-01
1.606328282875529867e-01 -8.289373814277970487e-01 5.357797235315100437e-01
3.558012814085440012e-01 -7.079872290779409827e-01 -6.100487944501730153e-01
3.608153420555930135e-01 9.216784222630379775e-01 -1.425523583514360093e-01
-8.289373813745970487e-01 1.606328281449370121e-01 -5.357797236565760013e-01
-7.079872292225150021e-01 3.558012812959959748e-01 6.100487943480310538e-01
9.216784222142460070e-01 3.608153421787609894e-01 1.425523583551470130e-01
