-1.512996476014799863e-01 -6.486010931098100396e-02 9.863577357408600532e-01
-6.485981878346300245e-02 9.863578489646529501e-01 -1.512990340127760014e-01
1.512997870054020033e-01 6.485933380115699309e-02 9.863577653524050470e-01
9.863578070105689655e-01 -1.512994985878720056e-01 -6.485937308022099446e-02
6.485961327735099979e-02 9.863576630957240354e-01 1.513003338325979996e-01
9.863576836063510100e-01 1.513003241137290122e-01 6.485932403127199486e-02
6.485974284315600136e-02 -9.863577659993809643e-01 -1.512996074384510004e-01
-9.863577671999950169e-01 1.512997074907170003e-01 -6.485949119029399412e-02
-6.485953793595600203e-02 -9.863577739742379613e-01 1.512996432888099874e-01
-9.863577250836440546e-01 -1.512999810191970051e-01 6.485949361049099526e-02
-1.512994919399409943e-01 6.485965971023399668e-02 -9.863577891825000554e-01
1.512999506038719966e-01 -6.485979669117999946e-02 -9.863577098195389636e-01
-8.931807290009079470e-01 2.561748646705420129e-01 3.695979221430180095e-01
2.561750832927069954e-01 3.695983720178029897e-01 -8.931804801392410065e-01
8.931807845074970498e-01 -2.561750888306629781e-01 3.695976326347000240e-01
3.695979322488109897e-01 -8.931806740573460246e-01 2.561750416568099875e-01
-2.561747892207449917e-01 3.695975614640790163e-01 8.931808998895539586e-01
3.695975213706860218e-01 8.931809687504079776e-01 -2.561746069748679910e-01
-2.561749349733439818e-01 -3.695979480355769953e-01 -8.931806981228910258e-01
-3.695980460101769838e-01 8.931806279539969973e-01 2.561750382710299978e-01
2.561753067185860155e-01 -3.695980301450059735e-01 8.931805575249439633e-01
-3.695975696570180102e-01 -8.931808046919960109e-01 -2.561751093166230175e-01
-8.931806753677710153e-01 -2.561749506988639791e-01 -3.695979921265900026e-01
8.931808305269810511e-01 2.561749330666410196e-01 -3.695976293855710026e-01
7.031280393841260468e-01 -2.706835346039220269e-01 6.575267175759199612e-01
-2.706837431405569872e-01 6.575265185619759700e-01 7.031281452105190288e-01
-7.031278474523190436e-01 2.706833953859790198e-01 6.575269801303870176e-01
6.575264085839940265e-01 7.031282603067410264e-01 -2.706837113175660225e-01
2.706832228031860188e-01 6.575275468835090065e-01 -7.031273838944369636e-01
6.575270730426080457e-01 -7.031278417684470039e-01 2.706831844538319931e-01
2.706836922262320089e-01 -6.575269223249899930e-01 7.031277872340140345e-01
-6.575267690629510442e-01 -7.031280511917910037e-01 -2.706833788633319915e-01
-2.706837860288380249e-01 -6.575268217678770233e-01 -7.031278451582819722e-01
-6.575270082297079988e-01 7.031278082606360336e-01 2.706834289332900045e-01
7.031281443601899994e-01 2.706836587789500093e-01 -6.575265542003889685e-01
-7.031278262144310398e-01 -2.706833504958849890e-01 -6.575270213210180348e-01
-8.166266284288880017e-01 4.612409455560420035e-01 -3.469549536804960033e-01
4.612415894815449779e-01 -3.469542532519679923e-01 -8.166265623177499933e-01
8.166265295798750268e-01 -4.612407582722580224e-01 -3.469554353152050075e-01
-3.469545882897839828e-01 -8.166269332853579588e-01 4.612406806620800159e-01
-4.612410924474160123e-01 -3.469546640051239805e-01 8.166266685352659982e-01
-3.469545332529290205e-01 8.166268571880389571e-01 -4.612408567922269831e-01
-4.612411364711540007e-01 3.469544519275259975e-01 -8.166267337740470422e-01
3.469543456941159842e-01 8.166266149316639966e-01 4.612414267921080002e-01
4.612412362417779854e-01 3.469545994998080030e-01 8.166266147243089746e-01
3.469543370659510240e-01 -8.166269824510119513e-01 -4.612407825898319769e-01
-8.166266334315229747e-01 -4.612409913922129734e-01 3.469548809713239867e-01
8.166267940960130201e-01 4.612408115994899860e-01 3.469547418317139864e-01
-7.030457498641059511e-01 -1.411568583393419951e-01 6.969945587605289594e-01
-1.411570099080670104e-01 6.969943405044489726e-01 -7.030459358097319589e-01
7.030458749978919508e-01 1.411568048239069950e-01 6.969944433783920035e-01
6.969947428401930267e-01 -7.030454571581969958e-01 -1.411574072528800072e-01
1.411566309015150067e-01 6.969943032324219523e-01 7.030460488574590272e-01
6.969944568658710260e-01 7.030457952687160228e-01 1.411571353252419891e-01
1.411567559465410071e-01 -6.969942645868379971e-01 -7.030460620640029967e-01
-6.969947569043619673e-01 7.030455128997580294e-01 -1.411570601824309878e-01
-1.411569121734869980e-01 -6.969946143953630324e-01 7.030456838993499602e-01
-6.969946861864140253e-01 -7.030455940159450190e-01 1.411570053616529874e-01
-7.030457608190600061e-01 1.411567974755600086e-01 -6.969945600367289940e-01
7.030456973676559862e-01 -1.411562007034349864e-01 -6.969947448982659610e-01
4.580325027535819826e-01 -1.040464867843289981e-01 8.828253253102390508e-01
-1.040468744625459990e-01 8.828251628236819526e-01 4.580327278698709814e-01
-4.580322159424959905e-01 1.040463880563250038e-01 8.828254857508589515e-01
8.828249709234200493e-01 4.580331398580250180e-01 -1.040466890672700068e-01
1.040459636944209981e-01 8.828256702758510155e-01 -4.580319566808569998e-01
8.828254545457260294e-01 -4.580323852530919782e-01 1.040459074903729991e-01
1.040464883173670002e-01 -8.828253761153910251e-01 4.580324044819790164e-01
-8.828253441695299575e-01 -4.580324413202079836e-01 -1.040465972062619981e-01
-1.040463125972160008e-01 -8.828253072502759702e-01 -4.580325771311239968e-01
-8.828254461653349816e-01 4.580322779858860271e-01 1.040464508094210011e-01
4.580320179852310214e-01 1.040471293143670067e-01 -8.828255010939689562e-01
-4.580320947343319848e-01 -1.040465293404369967e-01 -8.828255319855049521e-01
-4.112603605878130120e-01 -9.044122865018879853e-01 1.135928335486399987e-01
-9.044123903177779811e-01 1.135931185563419932e-01 -4.112600535626180220e-01
4.112602790842490030e-01 9.044122559233009895e-01 1.135933720921770002e-01
1.135932764850050014e-01 -4.112601433673199747e-01 -9.044123296455509609e-01
9.044124494872689546e-01 1.135928637584630030e-01 4.112599938184969828e-01
1.135933397867509992e-01 4.112598601705200196e-01 9.044124504719159852e-01
9.044123723390660174e-01 -1.135933062227370005e-01 -4.112600412651469806e-01
-1.135929691488300058e-01 4.112600456033529972e-01 -9.044124127024579796e-01
-9.044123621403520330e-01 -1.135931163324560011e-01 4.112601161425579743e-01
-1.135928843487050005e-01 -4.112605190171390035e-01 9.044122080794220198e-01
-4.112604947342369810e-01 9.044121993103140245e-01 -1.135930420828329956e-01
4.112605625645989749e-01 -9.044121908635509577e-01 -1.135928637566669952e-01
5.773502585696439482e-01 5.773503331354159496e-01 5.773502158638099679e-01
-5.773500270324829486e-01 -5.773504174497039454e-01 5.773503630866130276e-01
-5.773499944193950517e-01 5.773503734074150184e-01 -5.773504397419659817e-01
5.773496569918330490e-01 -5.773505685165359891e-01 -5.773505820600219884e-01
-5.773504843365200312e-01 -5.773502233674829842e-01 -5.773500998648080085e-01
5.773501494018179470e-01 5.773502809665449487e-01 -5.773503772004919821e-01
5.773505148966859846e-01 -5.773503139206860313e-01 5.773499787513789450e-01
-5.773504160999249901e-01 5.773501403448300096e-01 5.773502511240889978e-01
