-1.587967767087369864e-01 -1.986011677419209920e-01 -9.671303737751499874e-01
1.587967767087369864e-01 -1.986011677419209920e-01 -9.671303737751499874e-01
-1.587967767087369864e-01 1.986011677419209920e-01 -9.671303737751499874e-01
1.587967767087369864e-01 1.986011677419209920e-01 -9.671303737751499874e-01
4.460103073173389832e-01 7.735089754942510165e-01 4.502873200485740246e-01
-4.460103073173389832e-01 7.735089754942510165e-01 4.502873200485740246e-01
4.460103073173389832e-01 -7.735089754942510165e-01 4.502873200485740246e-01
-4.460103073173389832e-01 -7.735089754942510165e-01 4.502873200485740246e-01
-5.371927109985239479e-01 8.257405385196610048e-01 1.719783541475999877e-01
5.371927109985239479e-01 8.257405385196610048e-01 1.719783541475999877e-01
-5.371927109985239479e-01 -8.257405385196610048e-01 1.719783541475999877e-01
5.371927109985239479e-01 -8.257405385196610048e-01 1.719783541475999877e-01
-3.868005865497419760e-01 -1.422061150968620125e-01 9.111326616216950391e-01
3.868005865497419760e-01 -1.422061150968620125e-01 9.111326616216950391e-01
-3.868005865497419760e-01 1.422061150968620125e-01 9.111326616216950391e-01
3.868005865497419760e-01 1.422061150968620125e-01 9.111326616216950391e-01
9.842843042592860359e-01 -1.613668913060559984e-01 -7.172959486175700672e-02
-9.842843042592860359e-01 -1.613668913060559984e-01 -7.172959486175700672e-02
9.842843042592860359e-01 1.613668913060559984e-01 -7.172959486175700672e-02
-9.842843042592860359e-01 1.613668913060559984e-01 -7.172959486175700672e-02
-7.065768376712610044e-01 4.985568671339309921e-01 5.021854465235729981e-01
7.065768376712610044e-01 4.985568671339309921e-01 5.021854465235729981e-01
-7.065768376712610044e-01 -4.985568671339309921e-01 5.021854465235729981e-01
7.065768376712610044e-01 -4.985568671339309921e-01 5.021854465235729981e-01
-6.471648227852050406e-01 -5.208131032230880475e-01 -5.567148315435209716e-01
6.471648227852050406e-01 -5.208131032230880475e-01 -5.567148315435209716e-01
-6.471648227852050406e-01 5.208131032230880475e-01 -5.567148315435209716e-01
6.471648227852050406e-01 5.208131032230880475e-01 -5.567148315435209716e-01
8.558585816424669757e-01 -1.431359545372339892e-01 -4.970092421149330253e-01
-8.558585816424669757e-01 -1.431359545372339892e-01 -4.970092421149330253e-01
8.558585816424669757e-01 1.431359545372339892e-01 -4.970092421149330253e-01
-8.558585816424669757e-01 1.431359545372339892e-01 -4.970092421149330253e-01
2.017536240024070116e-01 5.590463174884729991e-01 8.042155743981039828e-01
-2.017536240024070116e-01 5.590463174884729991e-01 8.042155743981039828e-01
2.017536240024070116e-01 -5.590463174884729991e-01 8.042155743981039828e-01
-2.017536240024070116e-01 -5.590463174884729991e-01 8.042155743981039828e-01
8.853552510762280336e-01 3.954345394511850076e-01 -2.444945897167860038e-01
-8.853552510762280336e-01 3.954345394511850076e-01 -2.444945897167860038e-01
8.853552510762280336e-01 -3.954345394511850076e-01 -2.444945897167860038e-01
-8.853552510762280336e-01 -3.954345394511850076e-01 -2.444945897167860038e-01
1.547426220554229959e-01 8.216406977800989608e-01 5.485993844973260369e-01
-1.547426220554229959e-01 8.216406977800989608e-01 5.485993844973260369e-01
1.547426220554229959e-01 -8.216406977800989608e-01 5.485993844973260369e-01
-1.547426220554229959e-01 -8.216406977800989608e-01 5.485993844973260369e-01
4.948058293441859878e-01 -4.383141910082750115e-01 7.503651519145689841e-01
-4.948058293441859878e-01 -4.383141910082750115e-01 7.503651519145689841e-01
4.948058293441859878e-01 4.383141910082750115e-01 7.503651519145689841e-01
-4.948058293441859878e-01 4.383141910082750115e-01 7.503651519145689841e-01
7.524766585438550370e-01 6.569385835764389725e-01 -4.701676036539499670e-02
-7.524766585438550370e-01 6.569385835764389725e-01 -4.701676036539499670e-02
7.524766585438550370e-01 -6.569385835764389725e-01 -4.701676036539499670e-02
-7.524766585438550370e-01 -6.569385835764389725e-01 -4.701676036539499670e-02
-8.512921452178310311e-01 -4.752466855271930135e-01 2.223561813528920073e-01
8.512921452178310311e-01 -4.752466855271930135e-01 2.223561813528920073e-01
-8.512921452178310311e-01 4.752466855271930135e-01 2.223561813528920073e-01
8.512921452178310311e-01 4.752466855271930135e-01 2.223561813528920073e-01
-6.130151684775899668e-01 -2.596611571351289949e-01 -7.461826094808410303e-01
6.130151684775899668e-01 -2.596611571351289949e-01 -7.461826094808410303e-01
-6.130151684775899668e-01 2.596611571351289949e-01 -7.461826094808410303e-01
6.130151684775899668e-01 2.596611571351289949e-01 -7.461826094808410303e-01
7.393477195598689988e-01 1.358708200072729910e-01 6.594725694463510202e-01
-7.393477195598689988e-01 1.358708200072729910e-01 6.594725694463510202e-01
7.393477195598689988e-01 -1.358708200072729910e-01 6.594725694463510202e-01
-7.393477195598689988e-01 -1.358708200072729910e-01 6.594725694463510202e-01
5.789115747219799601e-01 7.417356771298400098e-01 -3.386584915894709780e-01
-5.789115747219799601e-01 7.417356771298400098e-01 -3.386584915894709780e-01
5.789115747219799601e-01 -7.417356771298400098e-01 -3.386584915894709780e-01
-5.789115747219799601e-01 -7.417356771298400098e-01 -3.386584915894709780e-01
2.825823871141049937e-01 -4.550522283910909960e-01 -8.444374837305580472e-01
-2.825823871141049937e-01 -4.550522283910909960e-01 -8.444374837305580472e-01
2.825823871141049937e-01 4.550522283910909960e-01 -8.444374837305580472e-01
-2.825823871141049937e-01 4.550522283910909960e-01 -8.444374837305580472e-01
1.225392795522570050e-01 9.808369593474709491e-01 1.514694165329119879e-01
-1.225392795522570050e-01 9.808369593474709491e-01 1.514694165329119879e-01
1.225392795522570050e-01 -9.808369593474709491e-01 1.514694165329119879e-01
-1.225392795522570050e-01 -9.808369593474709491e-01 1.514694165329119879e-01
1.446500125940030079e-01 -9.232639860087340500e-01 -3.558932227449960184e-01
-1.446500125940030079e-01 -9.232639860087340500e-01 -3.558932227449960184e-01
1.446500125940030079e-01 9.232639860087340500e-01 -3.558932227449960184e-01
-1.446500125940030079e-01 9.232639860087340500e-01 -3.558932227449960184e-01
-9.373350712059059786e-01 1.594420119512839906e-01 3.098083425480119835e-01
9.373350712059059786e-01 1.594420119512839906e-01 3.098083425480119835e-01
-9.373350712059059786e-01 -1.594420119512839906e-01 3.098083425480119835e-01
9.373350712059059786e-01 -1.594420119512839906e-01 3.098083425480119835e-01
3.088410424376329955e-01 -7.255726603556910126e-01 -6.149483921845809720e-01
-3.088410424376329955e-01 -7.255726603556910126e-01 -6.149483921845809720e-01
3.088410424376329955e-01 7.255726603556910126e-01 -6.149483921845809720e-01
-3.088410424376329955e-01 7.255726603556910126e-01 -6.149483921845809720e-01
3.472223378050299791e-01 9.312096873612489834e-01 -1.108384693767249934e-01
-3.472223378050299791e-01 9.312096873612489834e-01 -1.108384693767249934e-01
3.472223378050299791e-01 -9.312096873612489834e-01 -1.108384693767249934e-01
-3.472223378050299791e-01 -9.312096873612489834e-01 -1.108384693767249934e-01
0.000000000000000000e+00 -6.671574265226150047e-01 -7.449167525540839607e-01
0.000000000000000000e+00 6.671574265226150047e-01 -7.449167525540839607e-01
0.000000000000000000e+00 3.197879356103079940e-01 9.474891430713590079e-01
0.000000000000000000e+00 -3.197879356103079940e-01 9.474891430713590079e-01
-4.819384493669450209e-01 0.000000000000000000e+00 -8.762050736110720273e-01
4.819384493669450209e-01 0.000000000000000000e+00 -8.762050736110720273e-01
0.000000000000000000e+00 0.000000000000000000e+00 1.000000000000000000e+00
