-5.389531643378300124e-02 -1.406035066764100006e-01 -9.885979712586909773e-01
-1.406020108260560009e-01 -9.885983027651530364e-01 -5.389313798182900073e-02
5.389273741213999880e-02 1.406029924863770042e-01 -9.885981849862469639e-01
-9.885980986472160392e-01 -5.389529965961799979e-02 -1.406026174212630098e-01
1.406044785163559907e-01 -9.885978843519179771e-01 5.389437518011599981e-02
-9.885980658632700369e-01 5.389281342061699731e-02 1.406038009195060001e-01
1.406018124157299987e-01 9.885982766199049587e-01 -5.389413520565199817e-02
9.885980025098749513e-01 5.389565255163499685e-02 -1.406031581064889902e-01
-1.406048466356920046e-01 9.885978500353530540e-01 5.389404427235700012e-02
9.885981673609279818e-01 -5.389245072780000229e-02 1.406032262971460001e-01
-5.389283591088400022e-02 1.406027515842190045e-01 9.885982138788379503e-01
5.389609745044299932e-02 -1.406037938522460007e-01 9.885978878360840438e-01
-7.121378206194820537e-01 4.847259556271389935e-01 5.078390221169399865e-01
4.847271423032010196e-01 5.078385891579619837e-01 -7.121373216428299457e-01
7.121378784277490048e-01 -4.847268954121660145e-01 5.078380440381630168e-01
5.078397607384349532e-01 -7.121379693767979635e-01 4.847249632369050043e-01
-4.847276428704659912e-01 5.078383908533870006e-01 7.121371223385879468e-01
5.078396078145549497e-01 7.121361919763640191e-01 -4.847277347255499746e-01
-4.847267680672809886e-01 -5.078392368723809724e-01 -7.121371144744009785e-01
-5.078401126327479753e-01 7.121362579125309900e-01 4.847271089669900057e-01
4.847285491224599951e-01 -5.078400954114270505e-01 7.121352899261119695e-01
-5.078388610154029870e-01 -7.121374661713529841e-01 -4.847266451492259764e-01
-7.121366718689039477e-01 -4.847276329363269798e-01 -5.078390320243489908e-01
7.121377658573639913e-01 4.847264015559710204e-01 -5.078386732755609811e-01
-7.030054480395250271e-01 2.617901117095169927e-01 6.612482721624800552e-01
2.617908536144599729e-01 6.612471360366759532e-01 -7.030062404040999802e-01
7.030064339445449839e-01 -2.617905690855730216e-01 6.612470429199860389e-01
6.612494875894130431e-01 -7.030044337858499803e-01 2.617897653464990038e-01
-2.617917110517329893e-01 6.612472320733989717e-01 7.030058307723160427e-01
6.612474233592150474e-01 7.030059089592189947e-01 -2.617910179307559870e-01
-2.617910421351509753e-01 -6.612484386100849765e-01 -7.030049449993339694e-01
-6.612490446749039741e-01 7.030044247634019694e-01 2.617909083211349963e-01
2.617922462673399897e-01 -6.612489166629980097e-01 7.030040469345190113e-01
-6.612472545309420191e-01 -7.030062605254829844e-01 -2.617905002807939807e-01
-7.030054694842799989e-01 -2.617913268030809815e-01 -6.612477683031300346e-01
7.030051584635269579e-01 2.617910253582180213e-01 -6.612482183080450326e-01
6.280044724638099429e-02 7.862188199982439452e-01 -6.147487868277770051e-01
7.862200431089769737e-01 -6.147474493883090529e-01 6.279822676069299336e-02
-6.279950225219800564e-02 -7.862192395650210441e-01 -6.147483467685590508e-01
-6.147477070961400170e-01 6.279957151438099461e-02 7.862197341949950236e-01
-7.862185345191240460e-01 -6.147492348350890312e-01 -6.279963573361199702e-02
-6.147493306965400306e-01 -6.279995662861699579e-02 -7.862184339327079607e-01
-7.862195385712860141e-01 6.147479435281090199e-01 6.279970618335099786e-02
6.147493951504540144e-01 -6.279977045814100212e-02 7.862183984062920405e-01
7.862177984580019929e-01 6.147501790519670495e-01 -6.279960782860100066e-02
6.147478002140189801e-01 6.280005812960499922e-02 -7.862196225171069752e-01
6.280052636345899442e-02 -7.862189094158019698e-01 6.147486643869179979e-01
-6.280141239775699491e-02 7.862187128109530132e-01 6.147488253154580473e-01
8.295436077392319696e-01 3.214653682205850238e-01 4.566370767839409983e-01
3.214635955020470059e-01 4.566373806324789952e-01 8.295441274435040313e-01
-8.295434450385299474e-01 -3.214644597436460138e-01 4.566380119036659857e-01
4.566350005565369963e-01 8.295451597747750538e-01 3.214643124220389891e-01
-3.214642002577899893e-01 4.566374595738669773e-01 -8.295438496345709511e-01
4.566370685585349753e-01 -8.295440001148970399e-01 -3.214643673747429875e-01
-3.214629541954330261e-01 -4.566364211023369868e-01 8.295449041509409538e-01
-4.566367130348990000e-01 -8.295441909717370388e-01 3.214643798832609867e-01
3.214629551065890101e-01 -4.566366887995170210e-01 -8.295447564395499462e-01
-4.566371123963229861e-01 8.295440985782710497e-01 -3.214640510170779786e-01
8.295447019765780361e-01 -3.214622985067580041e-01 -4.566372499712900157e-01
-8.295448614467949566e-01 3.214635893905120057e-01 -4.566360515151939858e-01
-2.495004234484619887e-01 9.540250943623850288e-01 -1.660893073797370112e-01
9.540254708554060104e-01 -1.660875670107380131e-01 -2.495001423718530009e-01
2.495009434844220053e-01 -9.540250296126639995e-01 -1.660888981026119871e-01
-1.660868774086619870e-01 -2.495001374496829960e-01 9.540255921961580121e-01
-9.540248553834940193e-01 -1.660899370031219957e-01 2.495009181081349892e-01
-1.660901519985669983e-01 2.495001071183789998e-01 -9.540250300474359957e-01
-9.540255936888939470e-01 1.660878626585789997e-01 -2.494994758793279976e-01
1.660896928744990120e-01 2.494996878225310133e-01 9.540252196337970503e-01
9.540249314198170349e-01 1.660906479136479985e-01 2.495001541182640115e-01
1.660879561220759970e-01 -2.495000023520480004e-01 -9.540254397328820080e-01
-2.494997599825380108e-01 -9.540252259304089488e-01 1.660895483077949875e-01
2.494983747081790104e-01 9.540257202571129636e-01 1.660887898260250128e-01
8.607872157664440138e-01 4.186303330445689808e-01 -2.894719562030950155e-01
4.186314255109589988e-01 -2.894739329391020077e-01 8.607860197072390029e-01
-8.607867717364260374e-01 -4.186306871370339966e-01 -2.894727645060189980e-01
-2.894744465036729886e-01 8.607866519642619618e-01 4.186297703479169852e-01
-4.186298892623019907e-01 -2.894728382265149835e-01 -8.607871349789789628e-01
-2.894723996931710119e-01 -8.607875560309860008e-01 -4.186293267296020137e-01
-4.186292573884459745e-01 2.894725949335479886e-01 8.607875240968799746e-01
2.894731851561889724e-01 -8.607878175448240299e-01 4.186282458720980149e-01
4.186289424246519841e-01 2.894727563162090012e-01 -8.607876230029769538e-01
2.894735427627719848e-01 8.607866031630779791e-01 -4.186304956107950170e-01
8.607880122617580509e-01 -4.186286769276890141e-01 2.894719827551959779e-01
-8.607878393611090306e-01 4.186284794744050131e-01 2.894727824528269822e-01
-1.691041295942500022e-01 -8.789173916920940410e-01 4.459910446806489848e-01
-8.789181750666980042e-01 4.459895744177420074e-01 -1.691039356375459990e-01
1.691023334883079987e-01 8.789182061434620552e-01 4.459901206510830107e-01
4.459894690345719837e-01 -1.691039825983879918e-01 -8.789182195060160074e-01
8.789165401716110271e-01 4.459924431702190217e-01 1.691048670140030130e-01
4.459902241080139773e-01 1.691041980057109984e-01 8.789177949142500390e-01
8.789182853189470013e-01 -4.459889689345610253e-01 -1.691049594798730016e-01
-4.459914048704790024e-01 1.691046511475080005e-01 -8.789171085727800481e-01
-8.789175018706719689e-01 -4.459905576894250268e-01 1.691048413183189880e-01
-4.459886381463000204e-01 -1.691042398787440115e-01 8.789185916223649642e-01
-1.691036827918699914e-01 8.789180817859170158e-01 -4.459898541177719777e-01
1.691042183067079929e-01 -8.789179365417819634e-01 -4.459899373035369763e-01
6.991597494364489851e-01 6.826055934699529759e-01 2.126622875158999948e-01
6.826036001105979523e-01 2.126624328405609943e-01 6.991616513899949759e-01
-6.991612748012420164e-01 -6.826040568208240344e-01 2.126622049872899933e-01
2.126608434125309977e-01 6.991621013472429924e-01 6.826036344166199754e-01
-6.826047628202950301e-01 2.126619851953860107e-01 -6.991606523738349566e-01
2.126625942230910005e-01 -6.991616996786059746e-01 -6.826035003725280381e-01
-6.826025624027639571e-01 -2.126623681590729953e-01 6.991626841945699500e-01
-2.126612305468039976e-01 -6.991609500605909799e-01 6.826046930198259588e-01
6.826033952274169758e-01 -2.126617699757900048e-01 -6.991620530426170266e-01
-2.126618767979379931e-01 6.991622129811330133e-01 -6.826031981291209583e-01
6.991620776118520064e-01 -6.826026485321290416e-01 -2.126640859346050072e-01
-6.991619828086700350e-01 6.826032705883110507e-01 -2.126624009485230116e-01
-8.932543729812280064e-01 -1.723424150411760059e-01 -4.152044281166660245e-01
-1.723416913831599950e-01 -4.152051051823469896e-01 -8.932541978864180221e-01
8.932544795129390147e-01 1.723418657252130115e-01 -4.152044269374089991e-01
-4.152037601443590020e-01 -8.932549611410139923e-01 -1.723409758558649973e-01
1.723436211169659948e-01 -4.152058956702590065e-01 8.932534581298580134e-01
-4.152063344497700093e-01 8.932537022259500192e-01 1.723412988590360129e-01
1.723405995636110022e-01 4.152042778538470036e-01 -8.932547930987669860e-01
4.152040134618810163e-01 8.932546529877980479e-01 -1.723419627391880038e-01
-1.723411946292099928e-01 4.152043287490480017e-01 8.932546546320540015e-01
4.152061427713250041e-01 -8.932540159148659731e-01 1.723401347827120123e-01
-8.932544146433699650e-01 1.723402748586849997e-01 4.152052268237519939e-01
8.932547053896590095e-01 -1.723405507866279940e-01 4.152044867939109762e-01
-3.011910729024199970e-02 5.380310043275849941e-01 -8.423867744440729499e-01
5.380327159133010406e-01 -8.423856691864599622e-01 -3.011944481952300023e-02
3.011808764135300021e-02 -5.380315902624119850e-01 -8.423864366646279800e-01
-8.423861832095870250e-01 -3.011934729278300041e-02 5.380319165776710211e-01
-5.380303041055449764e-01 -8.423872336366450275e-01 3.011877271892399871e-02
-8.423873127238229452e-01 3.011790102264099919e-02 -5.380302290763280260e-01
-5.380317233086819861e-01 8.423863249999340441e-01 -3.011883408426399913e-02
8.423871030981440189e-01 3.011978965830299990e-02 5.380304515590700332e-01
5.380291730323309984e-01 8.423879687460450461e-01 3.011841758887700074e-02
8.423863305324069684e-01 -3.011744117944099852e-02 -5.380317926191250377e-01
-3.011705911664400159e-02 -5.380307391371790260e-01 8.423870170495659782e-01
3.011834681252400017e-02 5.380307101818240234e-01 8.423869895045400513e-01
9.519058810513839619e-01 -3.017741210977389898e-01 5.298654032370100214e-02
-3.017744053434989748e-01 5.298679853019400143e-02 9.519057765667240378e-01
-9.519056988554309706e-01 3.017745998999999957e-01 5.298708655652999838e-02
5.298761295842299712e-02 9.519052380669770219e-01 -3.017759609604789839e-01
3.017745623980470082e-01 5.298683421290299733e-02 -9.519057247908330188e-01
5.298676682920600012e-02 -9.519052521736439676e-01 3.017760650303790149e-01
3.017772936453360089e-01 -5.298799472785899883e-02 9.519047943228440278e-01
-5.298657470118699891e-02 -9.519055918473009470e-01 -3.017750273155069829e-01
-3.017769418414010252e-01 -5.298652631673399921e-02 -9.519049875915860381e-01
-5.298879489611200283e-02 9.519052401764429572e-01 3.017757467724779818e-01
9.519048618122399885e-01 3.017774620595560231e-01 -5.298582311443299914e-02
-9.519050185943479514e-01 -3.017768243243040271e-01 -5.298663865195100270e-02
5.536061463002189820e-01 4.544011566904799793e-01 6.978823852032479680e-01
4.543996192985589877e-01 6.978827381162330257e-01 5.536069633058400274e-01
-5.536058140188819809e-01 -4.544011281970969929e-01 6.978826673429410210e-01
6.978809697722889727e-01 5.536078912532600427e-01 4.544012046328749777e-01
-4.544007964543470002e-01 6.978822688342309899e-01 -5.536065886786769585e-01
6.978825206532539571e-01 -5.536051035411030385e-01 -4.544022190745830025e-01
-4.544001809008960113e-01 -6.978821410325179997e-01 5.536072550329359521e-01
-6.978816353908839920e-01 -5.536070488477029539e-01 4.544012086804820050e-01
4.544012718187749877e-01 -6.978817257806300134e-01 -5.536068830776309513e-01
-6.978823219163300395e-01 5.536063431414439684e-01 -4.544010140726250091e-01
5.536060294802920279e-01 -4.544003068459939731e-01 -6.978830312175039463e-01
-5.536069608106719553e-01 4.544008427162030128e-01 -6.978819435124929971e-01
