5.524248047442870124e-01 6.192345467843920481e-01 5.580102249708019935e-01
9.421571346152339821e-01 1.311875406855569914e-01 3.084311314742509968e-01
5.522881036470740357e-01 5.148687129213109781e-01 -6.556584926809629899e-01
-5.192342730268170170e-01 -3.021967984956239750e-01 7.994203304228060247e-01
1.059022793183889977e-01 6.863151993201620504e-01 7.195527460980859491e-01
-5.826033371457910448e-01 4.088668690322769805e-01 -7.024252522185769898e-01
7.567452095487530173e-01 -6.262062223858390064e-01 -1.876231725301300002e-01
-4.585818523039080219e-01 7.391980911742710436e-01 -4.932432125653939958e-01
-3.713192831384730108e-01 -2.282323614049429905e-01 -9.000177660341239783e-01
8.173155605335069573e-01 4.936268259550239956e-01 2.971999852075509763e-01
-2.272445189797460130e-01 9.707917035232740410e-01 7.696360804979700265e-02
-2.160690000000000011e-10 1.019030000000000047e-10 1.000000000000000000e+00
-3.058908801446340031e-01 7.972503964713330005e-01 5.204061632711940444e-01
4.863388936328300050e-01 8.570773862025840018e-01 1.699789239880689917e-01
-1.737398343853029936e-01 8.979423515788089727e-01 -4.043686476334260038e-01
-9.803492979181699374e-02 -3.516639858615430159e-01 9.309788362732449585e-01
-3.854824251429159743e-01 4.952618980963969797e-01 7.785364167461209517e-01
-8.017002794476819627e-01 -2.136457492835910077e-01 -5.582402312146289569e-01
8.828249471274509652e-01 4.375936315829119794e-01 -1.706807731629189917e-01
-9.915773634955800109e-01 -2.741580639759499949e-02 -1.265808269949429965e-01
1.513298823526539882e-01 -4.210797930317449755e-01 -8.943103905286320376e-01
1.302730825431220041e-01 9.156008295813949927e-01 3.803998486258560185e-01
-9.297232893784419527e-01 3.207387504653210208e-01 -1.809454590125859907e-01
-8.922503523612229648e-01 3.192619417451130204e-01 3.193135156306630140e-01
-5.667439025206260084e-01 8.189016451218870118e-01 9.056182734661599731e-02
-7.539398938720299759e-01 1.457426570194620130e-01 -6.405729578690779746e-01
4.405201359445509723e-01 -1.605616365702239867e-01 8.832677797187470370e-01
-7.521298317764010255e-01 8.498829905498000645e-03 6.589601551249060218e-01
-5.424991808346599914e-02 -6.416614575877549465e-01 -7.650670037547659952e-01
1.596538145444759971e-01 9.797066178676110404e-01 -1.211841673148990051e-01
-3.275928774477859795e-01 -8.140208976085560044e-01 -4.796382854840109955e-01
2.503004467721079984e-01 -4.231137342494500214e-02 -9.672432134807550375e-01
-7.108506636223409503e-01 5.492699081504169856e-01 4.393107123985369733e-01
-6.563591296710270528e-01 -7.317945392570659457e-01 -1.834923573640900030e-01
-5.524248043259869512e-01 -6.192345463401389694e-01 5.580102258779120472e-01
-9.421571338724099576e-01 -1.311875401267129926e-01 3.084311339810359986e-01
-5.522881046796019877e-01 -5.148687121585250326e-01 -6.556584924102150103e-01
5.192342739458549739e-01 3.021967982037360168e-01 7.994203299362180326e-01
-1.059022774708009984e-01 -6.863152000880089476e-01 7.195527456376320519e-01
5.826033386064619624e-01 -4.088668707921540024e-01 -7.024252499826849627e-01
-7.567452096301749975e-01 6.262062216297350492e-01 -1.876231747252810056e-01
4.585818518006479771e-01 -7.391980922178910118e-01 -4.932432114692700265e-01
3.713192830009000023e-01 2.282323605840420044e-01 -9.000177662990509475e-01
-8.173155605525860290e-01 -4.936268256475350169e-01 2.971999856657969730e-01
2.272445172044250117e-01 -9.707917038087909845e-01 7.696360969024799992e-02
3.058908812324769855e-01 -7.972503958491710119e-01 5.204061635849049905e-01
-4.863388954043709744e-01 -8.570773852478980048e-01 1.699789237331550129e-01
1.737398342596080114e-01 -8.979423523477420011e-01 -4.043686459799379906e-01
9.803492978281500014e-02 3.516639858755690184e-01 9.309788362688949936e-01
3.854824251760819998e-01 -4.952618964029539828e-01 7.785364178069750229e-01
8.017002786244340484e-01 2.136457498382099973e-01 -5.582402321846520188e-01
-8.828249475490229647e-01 -4.375936312931180128e-01 -1.706807717253689960e-01
9.915773632686369909e-01 2.741580612278399914e-02 -1.265808288322370079e-01
-1.513298809917920096e-01 4.210797918364390102e-01 -8.943103913217109735e-01
-1.302730841494399994e-01 -9.156008292388699843e-01 3.803998489001880201e-01
9.297232892269350346e-01 -3.207387509063859832e-01 -1.809454590092290094e-01
8.922503524684820553e-01 -3.192619414694750080e-01 3.193135156065449731e-01
5.667439016682449537e-01 -8.189016456292630419e-01 9.056182809296600689e-02
7.539398934976679900e-01 -1.457426570674739963e-01 -6.405729582987700343e-01
-4.405201354366199973e-01 1.605616381278779925e-01 8.832677796889200073e-01
7.521298331190670039e-01 -8.498828982384000474e-03 6.589601536043070418e-01
5.424991822251599982e-02 6.416614574766570378e-01 -7.650670038380840143e-01
-1.596538160298180131e-01 -9.797066176795410364e-01 -1.211841668784789938e-01
3.275928782830370145e-01 8.140208978589079658e-01 -4.796382844886479813e-01
-2.503004459880989740e-01 4.231137163562100068e-02 -9.672432137619120240e-01
7.108506635392060069e-01 -5.492699074182619823e-01 4.393107134484720011e-01
6.563591297808619718e-01 7.317945395452269963e-01 -1.834923558219770101e-01
