7.738484879806050154e-01 1.729405579861509890e-01 -6.093029468610580146e-01
-7.738479397072379751e-01 1.729333575023009884e-01 6.093056868878260479e-01
5.367627151356150206e-01 5.836245415916130330e-01 6.093178005706230138e-01
-5.367607789814929919e-01 5.836367029602650414e-01 -6.093078574126979952e-01
-2.371630470719819916e-01 -7.565648949742980189e-01 -6.093958063492580512e-01
2.371605746313930063e-01 -7.565758859074279696e-01 6.093831230875189631e-01
6.002758701211700076e-01 -6.128938464435680356e-01 5.138385084264129876e-01
-6.002779909114499546e-01 -6.128829664363280028e-01 -5.138490080554020123e-01
-2.305520101402039890e-01 8.262958605534550527e-01 -5.138880436948649599e-01
2.305549831222239998e-01 8.262863411819599824e-01 5.139020160824829819e-01
-8.309433266566830234e-01 -2.134623502839269882e-01 5.137772016117360119e-01
8.309426719602700517e-01 -2.134565380155009906e-01 -5.137806752827159817e-01
-7.176416054144240109e-01 5.555304064950750131e-01 4.199720153029560255e-01
7.176438609099570209e-01 5.555345751067239934e-01 -4.199626468618870012e-01
1.222395420508590042e-01 -8.992508904713339968e-01 -4.200063456017180119e-01
-1.222423642210259953e-01 -8.992575985563410201e-01 4.199911616074050169e-01
8.399679313695029848e-01 3.435462139648859936e-01 4.200355617578470091e-01
-8.399667747454200306e-01 3.435561485025450112e-01 -4.200297491248379811e-01
-6.330368576284080007e-01 -2.230485108063439970e-01 -7.412919119422679559e-01
6.330357297291769880e-01 -2.230633431773390019e-01 7.412884120346120431e-01
-5.096543957809840375e-01 -4.368095769313870003e-01 7.412488046278009612e-01
5.096529132631050230e-01 -4.367983599802269801e-01 -7.412564338479730175e-01
1.236219150713210035e-01 6.598838342014150538e-01 -7.411281586026390311e-01
-1.236193651384829978e-01 6.598718119885409461e-01 7.411392880597540422e-01
-9.935746794774580337e-01 -6.576111882683599585e-02 9.211314538061099455e-02
9.935744868559189813e-01 -6.576311436761800300e-02 -9.211379841082399655e-02
-5.536748169777739870e-01 -8.276217718159150083e-01 -9.212165793620499810e-02
5.536720744303169628e-01 -8.276251998801390508e-01 9.210734237502299360e-02
4.399119896069210167e-01 8.932801492815140021e-01 9.234725929704500069e-02
-4.399086962382430244e-01 8.932833183001840371e-01 -9.233229240402500426e-02
-8.108884654829100480e-01 -5.450558282669709653e-01 2.130118321102779932e-01
8.108866349370760229e-01 -5.450549901656650542e-01 -2.130209449231030006e-01
-8.774207025998369547e-01 -4.298871719217939869e-01 -2.129082667871090018e-01
8.774192295709739575e-01 -4.298936442507130251e-01 2.129012686949529887e-01
-6.649287354519900495e-02 9.748040448168200367e-01 2.129219856578210002e-01
6.649666143502799831e-02 9.748073048190819545e-01 -2.129058770662609901e-01
-9.462551396724210306e-01 3.090636136344410145e-01 9.529372157045799818e-02
9.462563091985219943e-01 3.090616559792589979e-01 -9.528845735633099945e-02
-2.054409475527110007e-01 -9.740146565413170254e-01 -9.533869052669599609e-02
2.054377997526780075e-01 -9.740169330948950099e-01 9.532221397551500497e-02
7.408770844090519780e-01 6.648333412320890368e-01 9.538225298093599980e-02
-7.408747002426869788e-01 6.648376063060319474e-01 -9.537104267844999372e-02
-4.107692703551050206e-01 -4.238388749792199733e-02 9.107536508916660445e-01
4.107684002714560023e-01 -4.236990053946899926e-02 -9.107546941227939730e-01
-2.419044322961730054e-01 -3.343194238106729776e-01 -9.108857055077580478e-01
2.419030962436309884e-01 -3.343354389067589860e-01 9.108801821967420498e-01
1.686847255300069903e-01 3.770070527939259897e-01 9.107201246906230230e-01
-1.686835930840659969e-01 3.770234341824840185e-01 -9.107135529361010118e-01
9.104029691026219728e-01 -4.421647329116200342e-02 4.113530568001450005e-01
-9.104034160061690306e-01 -4.420647326617799938e-02 -4.113531425012639797e-01
4.171467266472870250e-01 8.105660558272720362e-01 -4.110611603983930218e-01
-4.171434601837110123e-01 8.105608946222250255e-01 4.110746522654730173e-01
-4.932795757779649959e-01 -7.664423058724759708e-01 4.113896594339629953e-01
4.932770573413789994e-01 -7.664367300270470418e-01 -4.114030670353310271e-01
1.260384467510139994e-01 -5.437533905558820102e-01 -8.297267985304399573e-01
-1.260404052991709878e-01 -5.437670441544329991e-01 8.297175531007959792e-01
-4.079421732849329851e-01 3.811857624530100019e-01 8.296267822091349942e-01
4.079435701207480003e-01 3.811980390577939803e-01 -8.296204545547509746e-01
-5.339933773544419671e-01 1.626662181858520018e-01 -8.296931808823729826e-01
5.339936279390039564e-01 1.626505048326510050e-01 8.296961001464480123e-01
-1.063805015919999989e-04 2.518999649750000070e-04 9.999999626147979548e-01
1.054768415060000050e-04 2.690107133589999915e-04 -9.999999582539349507e-01
