-3.345022001069780093e-01 2.559037493280539866e-01 -9.069848671303379906e-01
2.559037493281329789e-01 -9.069848671303220033e-01 -3.345022001069590245e-01
3.345022001069660189e-01 -2.559037493280760245e-01 -9.069848671303359922e-01
-9.069848671303240017e-01 -3.345022001070400153e-01 2.559037493280210129e-01
-2.559037493280449937e-01 -9.069848671303130105e-01 3.345022001070510065e-01
-9.069848671303130105e-01 3.345022001069890005e-01 -2.559037493281279829e-01
-2.559037493280770237e-01 9.069848671303279986e-01 -3.345022001069860029e-01
9.069848671303339938e-01 3.345022001069989925e-01 2.559037493280370001e-01
2.559037493280529874e-01 9.069848671303269994e-01 3.345022001070079853e-01
9.069848671303220033e-01 -3.345022001070059869e-01 -2.559037493280709730e-01
-3.345022001070360185e-01 -2.559037493280360009e-01 9.069848671303210041e-01
3.345022001069959949e-01 2.559037493281339781e-01 9.069848671303080145e-01
1.812453816504250026e-01 1.532808703053069876e-01 -9.714191095654030050e-01
1.532808703053200050e-01 -9.714191095653860186e-01 1.812453816505029958e-01
-1.812453816503959980e-01 -1.532808703053140098e-01 -9.714191095654070018e-01
-9.714191095654199914e-01 1.812453816504160098e-01 1.532808703052080113e-01
-1.532808703052110089e-01 -9.714191095654299835e-01 -1.812453816503589998e-01
-9.714191095653910146e-01 -1.812453816504850101e-01 -1.532808703053120114e-01
-1.532808703053150090e-01 9.714191095654040042e-01 1.812453816504130122e-01
9.714191095654129970e-01 -1.812453816504039916e-01 1.532808703052689903e-01
1.532808703052900012e-01 9.714191095654090002e-01 -1.812453816504039916e-01
9.714191095653960106e-01 1.812453816504510096e-01 -1.532808703053180066e-01
1.812453816504140114e-01 -1.532808703051840027e-01 9.714191095654239883e-01
-1.812453816504979998e-01 1.532808703053039900e-01 9.714191095653890162e-01
-5.671272467360529701e-01 2.239533904880129933e-01 7.925979844148649534e-01
2.239533904880519899e-01 7.925979844149509956e-01 -5.671272467359179670e-01
5.671272467359560476e-01 -2.239533904879880133e-01 7.925979844149420028e-01
7.925979844149380060e-01 -5.671272467359510516e-01 2.239533904880139925e-01
-2.239533904880399995e-01 7.925979844149330100e-01 5.671272467359480540e-01
7.925979844149070308e-01 5.671272467359810276e-01 -2.239533904880469939e-01
-2.239533904880380011e-01 -7.925979844149899645e-01 -5.671272467358700053e-01
-7.925979844149519948e-01 5.671272467359359526e-01 2.239533904880049997e-01
2.239533904880499915e-01 -7.925979844148790532e-01 5.671272467360199965e-01
-7.925979844148780540e-01 -5.671272467360269909e-01 -2.239533904880330051e-01
-5.671272467359670388e-01 -2.239533904880069981e-01 -7.925979844149290132e-01
5.671272467359780300e-01 2.239533904879970061e-01 -7.925979844149240172e-01
-6.608756503404200622e-02 -5.307337939386409520e-01 -8.449580307443480542e-01
-5.307337939385640135e-01 -8.449580307444050087e-01 -6.608756503393800608e-02
6.608756503400099735e-02 5.307337939386149728e-01 -8.449580307443680383e-01
-8.449580307443810279e-01 -6.608756503398399706e-02 -5.307337939385969872e-01
5.307337939386249648e-01 -8.449580307443620431e-01 6.608756503399999815e-02
-8.449580307444289895e-01 6.608756503394300208e-02 5.307337939385250447e-01
5.307337939386139736e-01 8.449580307443740335e-01 -6.608756503393800608e-02
8.449580307443800287e-01 6.608756503393199699e-02 -5.307337939386039816e-01
-5.307337939386389536e-01 8.449580307443550486e-01 6.608756503397400506e-02
8.449580307443840255e-01 -6.608756503398599547e-02 5.307337939385909920e-01
-6.608756503402600513e-02 5.307337939385839976e-01 8.449580307443860239e-01
6.608756503400399496e-02 -5.307337939385089465e-01 8.449580307444349847e-01
6.566234254592689945e-01 -3.208553693050780198e-01 -6.825668532284859813e-01
-3.208553693049819855e-01 -6.825668532284280277e-01 6.566234254593770192e-01
-6.566234254592739905e-01 3.208553693050559819e-01 -6.825668532284919765e-01
-6.825668532284440149e-01 6.566234254593129593e-01 -3.208553693050770206e-01
3.208553693049669975e-01 -6.825668532284749901e-01 -6.566234254593350528e-01
-6.825668532284180356e-01 -6.566234254593410480e-01 3.208553693050760214e-01
3.208553693050100186e-01 6.825668532284709933e-01 6.566234254593179553e-01
6.825668532284540069e-01 -6.566234254592999697e-01 -3.208553693050810174e-01
-3.208553693049919775e-01 6.825668532284719925e-01 -6.566234254593259489e-01
6.825668532284560053e-01 6.566234254593049657e-01 3.208553693050690270e-01
6.566234254593370512e-01 3.208553693050399946e-01 6.825668532284380197e-01
-6.566234254593390496e-01 -3.208553693050599787e-01 6.825668532284270285e-01
-5.773502691896159611e-01 -5.773502691896199579e-01 -5.773502691896410521e-01
5.773502691896249539e-01 5.773502691896059691e-01 -5.773502691896460481e-01
5.773502691896440497e-01 -5.773502691895929795e-01 5.773502691896400529e-01
-5.773502691896370553e-01 5.773502691896249539e-01 5.773502691896159611e-01
