7.040847386817590259e-01 5.415830619360909592e-01 4.592956213370280039e-01
2.512819823761580085e-01 8.520005267332529941e-01 -4.592956213370290031e-01
-2.975019504367020229e-01 8.369827487511259934e-01 4.592956213370290031e-01
-7.326502499021050330e-01 5.022660087433920006e-01 -4.592956213370280039e-01
-8.879510557710219576e-01 -2.429927521058099921e-02 4.592956213370290031e-01
-7.040847386817590259e-01 -5.415830619360919584e-01 -4.592956213370280039e-01
-2.512819823761590077e-01 -8.520005267332529941e-01 4.592956213370290031e-01
2.975019504367010237e-01 -8.369827487511269926e-01 -4.592956213370290031e-01
7.326502499021040338e-01 -5.022660087433929998e-01 4.592956213370280039e-01
8.879510557710219576e-01 2.429927521058099921e-02 -4.592956213370290031e-01
6.123588376941919709e-01 7.739304123774669586e-01 1.613950764275730032e-01
4.050382365418499914e-02 9.860583499845879674e-01 -1.613950764275740024e-01
-5.468222743473879488e-01 8.215455127882379527e-01 1.613950764275720040e-01
-9.252808493537809653e-01 3.432302130117390049e-01 -1.613950764275730032e-01
-9.503135890463999536e-01 -2.661873621693719993e-01 1.613950764275720040e-01
-6.123588376941919709e-01 -7.739304123774669586e-01 -1.613950764275730032e-01
-4.050382365418699754e-02 -9.860583499845879674e-01 1.613950764275730032e-01
5.468222743473879488e-01 -8.215455127882379527e-01 -1.613950764275720040e-01
9.252808493537809653e-01 -3.432302130117400041e-01 1.613950764275730032e-01
9.503135890463999536e-01 2.661873621693729985e-01 -1.613950764275730032e-01
2.108117288219860108e-01 -6.877410101530090358e-01 -6.946731014979670160e-01
5.747942943952250028e-01 -4.324821397305210202e-01 6.946731014979670160e-01
7.192249760489870525e-01 -1.202979145826900062e-02 -6.946731014979670160e-01
5.889361624098700121e-01 4.130175282734749875e-01 6.946731014979670160e-01
2.336937519340999969e-01 6.803061901542259982e-01 -6.946731014979670160e-01
-2.108117288219840124e-01 6.877410101530100350e-01 6.946731014979670160e-01
-5.747942943952270012e-01 4.324821397305190218e-01 -6.946731014979670160e-01
-7.192249760489870525e-01 1.202979145826999982e-02 6.946731014979670160e-01
-5.889361624098690129e-01 -4.130175282734759867e-01 -6.946731014979670160e-01
-2.336937519341019953e-01 -6.803061901542259982e-01 6.946731014979670160e-01
-4.188757675017609761e-01 -9.062335125901970212e-01 5.730542782533599999e-02
1.937930793929469875e-01 -9.793673112377979662e-01 -5.730542782533599999e-02
7.324395567440600274e-01 -6.784160844631560439e-01 5.730542782533599999e-02
9.913190181238460408e-01 -1.183329719382100048e-01 -5.730542782533599999e-02
8.715483082744960308e-01 4.869493138773470231e-01 5.730542782533599999e-02
4.188757675017609761e-01 9.062335125901970212e-01 -5.730542782533599999e-02
-1.937930793929469875e-01 9.793673112377979662e-01 5.730542782533699919e-02
-7.324395567440600274e-01 6.784160844631560439e-01 -5.730542782533599999e-02
-9.913190181238460408e-01 1.183329719382110040e-01 5.730542782533599999e-02
-8.715483082744960308e-01 -4.869493138773470231e-01 -5.730542782533599999e-02
-2.384982279270599914e-01 8.312635802073560232e-01 -5.021149823461760198e-01
-6.815535927350310219e-01 5.323206221192909871e-01 5.021149823461780182e-01
-8.642786502728160292e-01 3.004927929415400142e-02 -5.021149823461760198e-01
-7.168786391572710137e-01 -4.836998668839149751e-01 5.021149823461780182e-01
-2.956553536924160230e-01 -8.126921042661300332e-01 -5.021149823461770190e-01
2.384982279270609906e-01 -8.312635802073550240e-01 5.021149823461770190e-01
6.815535927350320211e-01 -5.323206221192909871e-01 -5.021149823461780182e-01
8.642786502728160292e-01 -3.004927929415400142e-02 5.021149823461760198e-01
7.168786391572710137e-01 4.836998668839149751e-01 -5.021149823461770190e-01
2.956553536924160230e-01 8.126921042661300332e-01 5.021149823461770190e-01
-4.479733217908680176e-01 8.348950596360600329e-01 -3.197970330677810114e-01
-8.531570336213309957e-01 4.121321797961129962e-01 3.197970330677810114e-01
-9.324637563494799775e-01 -1.680511848683680087e-01 -3.197970330677810114e-01
-6.556010174295310300e-01 -6.840447087628179768e-01 3.197970330677810114e-01
-1.283209729105050101e-01 -9.387564037344009460e-01 -3.197970330677810114e-01
4.479733217908690168e-01 -8.348950596360590337e-01 3.197970330677810114e-01
8.531570336213309957e-01 -4.121321797961119970e-01 -3.197970330677810114e-01
9.324637563494799775e-01 1.680511848683680087e-01 3.197970330677810114e-01
6.556010174295310300e-01 6.840447087628179768e-01 -3.197970330677800121e-01
1.283209729105050101e-01 9.387564037344009460e-01 3.197970330677820106e-01
-1.844683055919900047e-02 3.920265401714549958e-01 9.197689417693549752e-01
-2.453512182347659942e-01 3.063133582904890018e-01 -9.197689417693549752e-01
-3.785397797258580055e-01 1.035988847506769950e-01 9.197689417693529768e-01
-3.671390114555589945e-01 -1.386868415673080113e-01 -9.197689417693549752e-01
-2.155036194052830090e-01 -3.279989081989549971e-01 9.197689417693539760e-01
1.844683055919999967e-02 -3.920265401714549958e-01 -9.197689417693549752e-01
2.453512182347659942e-01 -3.063133582904900010e-01 9.197689417693549752e-01
3.785397797258580055e-01 -1.035988847506759958e-01 -9.197689417693529768e-01
3.671390114555579953e-01 1.386868415673080113e-01 9.197689417693559744e-01
2.155036194052820098e-01 3.279989081989569955e-01 -9.197689417693529768e-01
2.198268805513430013e-01 5.844337274919919611e-01 7.810975360074320362e-01
-1.656778437756570022e-01 6.020278160724540362e-01 -7.810975360074310370e-01
-4.878992629631290212e-01 3.896677410861140167e-01 7.810975360074310370e-01
-6.237597467847230126e-01 2.846783332425800034e-02 -7.810975360074310370e-01
-5.213652081485740108e-01 -3.436058191813889939e-01 7.810975360074310370e-01
-2.198268805513410029e-01 -5.844337274919929603e-01 -7.810975360074320362e-01
1.656778437756570022e-01 -6.020278160724540362e-01 7.810975360074310370e-01
4.878992629631300204e-01 -3.896677410861130175e-01 -7.810975360074310370e-01
6.237597467847230126e-01 -2.846783332425999874e-02 7.810975360074310370e-01
5.213652081485740108e-01 3.436058191813889939e-01 -7.810975360074310370e-01
0.000000000000000000e+00 0.000000000000000000e+00 -1.000000000000000000e+00
0.000000000000000000e+00 1.000000000000000078e-15 1.000000000000000000e+00
