9.030691906373330413e-01 1.042525440180580021e-01 -4.166502657954210265e-01
9.179578187564829683e-01 1.044281422186439934e-01 3.826855185352620037e-01
-6.186435957027119903e-01 7.061014220005610298e-01 -3.445299454979289799e-01
6.677255840101039563e-01 -5.813382604619720118e-01 4.649606127204909956e-01
-8.178436508354339773e-01 2.482048236834999977e-01 5.191590587559959946e-01
3.837801571527719724e-01 3.940005424692140101e-01 -8.351505035080559747e-01
9.150445196720079499e-01 -3.306977482137040125e-01 -2.309383604874060136e-01
-6.732773383732120198e-01 7.393840071458790408e-01 -2.985901871672999846e-03
-7.627271135710359529e-01 3.598712764946250253e-01 -5.373453401470279500e-01
-3.452980896867399729e-01 -4.278460942707489889e-01 8.352945282210060274e-01
3.805810176992179827e-01 -1.122829648382800069e-02 -9.246794116476799719e-01
-8.870439063975380511e-01 4.395108589132249999e-01 1.413623465437469917e-01
-5.756625003568500293e-02 -9.971609887228010116e-01 4.853956557485399753e-02
-3.444587496372399776e-02 -6.974144699470630204e-01 -7.158397438019500347e-01
-2.849319335537849884e-01 9.467618704693759879e-01 -1.498524403092230117e-01
6.448008310303749990e-01 -1.906204643614799882e-02 7.641129017941019619e-01
-4.325795777557550070e-01 8.638682412315730197e-01 2.580824881702000195e-01
3.491094044922770090e-01 -6.554697959015299835e-01 6.696879649178809624e-01
6.615026909860090010e-01 3.969926657727719799e-01 -6.362476036425579462e-01
2.494391724365799951e-02 -2.777325928578179837e-01 9.603345291392030303e-01
8.250000000000000591e-12 6.302700000000000114e-11 -1.000000000000000000e+00
-1.042525435939099937e-01 9.030691907776320360e-01 -4.166502655974579916e-01
-1.044281422165229956e-01 9.179578186029669906e-01 3.826855189040829774e-01
-7.061014222235639792e-01 -6.186435956011090420e-01 -3.445299452233320237e-01
5.813382601250489667e-01 6.677255841814749848e-01 4.649606128956390028e-01
-2.482048233625659961e-01 -8.178436504555020026e-01 5.191590595079470516e-01
-3.940005431804319835e-01 3.837801572277890205e-01 -8.351505031380499489e-01
3.306977481720589918e-01 9.150445197640929562e-01 -2.309383601821720089e-01
-7.393840071137679493e-01 -6.732773384098149627e-01 -2.985901569590000172e-03
-3.598712763087320021e-01 -7.627271135639489552e-01 -5.373453402815839830e-01
4.278460947558260230e-01 -3.452980895831709862e-01 8.352945280153589724e-01
1.122829591604000005e-02 3.805810176946839984e-01 -9.246794116564399646e-01
-4.395108587857829985e-01 -8.870439064071730106e-01 1.413623468795180138e-01
9.971609887533360306e-01 -5.756624974520199722e-02 4.853956529207099913e-02
6.974144701880909958e-01 -3.444587492523699945e-02 -7.158397435689769495e-01
-9.467618704993130407e-01 -2.849319335394749908e-01 -1.498524401472919876e-01
1.906204654122200040e-02 6.448008304484730280e-01 7.641129022825220440e-01
-8.638682411134289696e-01 -4.325795778206339981e-01 2.580824884569150046e-01
6.554697960142930047e-01 3.491094043930390023e-01 6.696879648592469758e-01
-3.969926650068160146e-01 6.615026914811610315e-01 -6.362476036056770035e-01
2.777325931807980153e-01 2.494391711082100116e-02 9.603345290492459885e-01
-9.030691906656680423e-01 -1.042525439316750041e-01 -4.166502657556209743e-01
-9.179578186507819648e-01 -1.044281423441970058e-01 3.826855187545489811e-01
6.186435956830019789e-01 -7.061014222549969466e-01 -3.445299450118630147e-01
-6.677255839315020536e-01 5.813382605386600011e-01 4.649606127374870113e-01
8.178436508111669445e-01 -2.482048235075779985e-01 5.191590588783300264e-01
-3.837801570502979986e-01 -3.940005427072880151e-01 -8.351505034428300389e-01
-9.150445197703119815e-01 3.306977479896849870e-01 -2.309383604186850125e-01
6.732773382260069939e-01 -7.393840072814400477e-01 -2.985901495891000144e-03
7.627271135998979767e-01 -3.598712765000759983e-01 -5.373453401024109732e-01
3.452980898383389841e-01 4.278460942131270262e-01 8.352945281878519923e-01
-3.805810176636519881e-01 1.122829625748800013e-02 -9.246794116650659534e-01
8.870439063807760149e-01 -4.395108589203419736e-01 1.413623466268049966e-01
5.756624953984999793e-02 9.971609887434880193e-01 4.853956573790699919e-02
3.444587549409600102e-02 6.974144699370700140e-01 -7.158397437861639956e-01
2.849319332620829925e-01 -9.467618705948650515e-01 -1.498524400710390114e-01
-6.448008310632890039e-01 1.906204656002200015e-02 7.641129017632379838e-01
4.325795773511900144e-01 -8.638682413609960475e-01 2.580824884150920151e-01
-3.491094041779559953e-01 6.554697961010169660e-01 6.696879648864859647e-01
-6.615026910387320491e-01 -3.969926656759120154e-01 -6.362476036481790054e-01
-2.494391742023899933e-02 2.777325929465930265e-01 9.603345291089430136e-01
1.042525436336610017e-01 -9.030691908035229920e-01 -4.166502655313940040e-01
1.044281419776599967e-01 -9.179578186208470214e-01 3.826855189263769774e-01
7.061014221696549908e-01 6.186435957112830231e-01 -3.445299451359860043e-01
-5.813382602044510072e-01 -6.677255840778020257e-01 4.649606129452469871e-01
2.482048233437489926e-01 8.178436506106210313e-01 5.191590592725809916e-01
3.940005431722219953e-01 -3.837801573585920001e-01 -8.351505030818150432e-01
-3.306977484791179811e-01 -9.150445195706069512e-01 -2.309383605091190061e-01
7.393840071991609753e-01 6.732773383163119796e-01 -2.985901507670999863e-03
3.598712765226079746e-01 7.627271136300259879e-01 -5.373453400445550310e-01
-4.278460948241309958e-01 3.452980898555090272e-01 8.352945278677920138e-01
-1.122829590036199948e-02 -3.805810176394500144e-01 -9.246794116793639606e-01
4.395108588023010077e-01 8.870439064261409490e-01 1.413623467091459918e-01
-9.971609887505320513e-01 5.756624958434600203e-02 4.853956554043899890e-02
-6.974144701338349517e-01 3.444587492120700090e-02 -7.158397436220309551e-01
9.467618705012490476e-01 2.849319335084540272e-01 -1.498524401940460049e-01
-1.906204615771199887e-02 -6.448008304562550252e-01 7.641129022855229769e-01
8.638682411387009763e-01 4.325795777357600014e-01 2.580824885145809877e-01
-6.554697958975850280e-01 -3.491094043237429889e-01 6.696879650096000391e-01
3.969926654564300272e-01 -6.615026915092140358e-01 -6.362476032959689665e-01
-2.777325933783940104e-01 -2.494391696313099857e-02 9.603345289959369646e-01
