1.817588940930630059e-01 9.537362078499279638e-01 -2.394805843286270108e-01
1.817588940930630059e-01 -9.537362078499279638e-01 2.394805843286270108e-01
1.404050860404759959e-01 1.514919750543509969e-01 -9.784357890655750456e-01
1.404050860404759959e-01 -1.514919750543509969e-01 9.784357890655750456e-01
-5.744277724062519797e-01 6.993600716590299415e-02 -8.155621921143459963e-01
-5.744277724062519797e-01 -6.993600716590299415e-02 8.155621921143459963e-01
4.529620911251039939e-01 8.907015132959730241e-01 -3.842080467807899857e-02
4.529620911251039939e-01 -8.907015132959730241e-01 3.842080467807899857e-02
9.375165368080770056e-01 -3.060168878265139836e-01 -1.655790071012649967e-01
9.375165368080770056e-01 3.060168878265139836e-01 1.655790071012649967e-01
-6.216003578515729711e-01 7.283305104691649712e-01 2.883533642161940080e-01
-6.216003578515729711e-01 -7.283305104691649712e-01 -2.883533642161940080e-01
2.204058874189429862e-01 6.399168526944619684e-01 7.361573652725059702e-01
2.204058874189429862e-01 -6.399168526944619684e-01 -7.361573652725059702e-01
1.201444043536659956e-01 -8.237321422589719555e-01 5.541034920736590541e-01
1.201444043536659956e-01 8.237321422589719555e-01 -5.541034920736590541e-01
5.143464943941480350e-01 4.544010371964900263e-02 -8.563777675154079505e-01
5.143464943941480350e-01 -4.544010371964900263e-02 8.563777675154079505e-01
-3.226272998908599754e-01 -6.460579735523950262e-01 6.917519209881389797e-01
-3.226272998908599754e-01 6.460579735523950262e-01 -6.917519209881389797e-01
-6.807642032106050456e-01 7.210290968826660318e-01 -1.291400057761790121e-01
-6.807642032106050456e-01 -7.210290968826660318e-01 1.291400057761790121e-01
7.732252587485269890e-01 -5.943743810205519562e-01 -2.210017973591709983e-01
7.732252587485269890e-01 5.943743810205519562e-01 2.210017973591709983e-01
-6.801718252160310341e-01 -3.909348725653559731e-01 -6.201098399565010411e-01
-6.801718252160310341e-01 3.909348725653559731e-01 6.201098399565010411e-01
5.594522528760369484e-01 -4.526647697406039894e-01 -6.943398181034180494e-01
5.594522528760369484e-01 4.526647697406039894e-01 6.943398181034180494e-01
8.837787053574399643e-01 3.701287771495659906e-01 -2.862514424396330193e-01
8.837787053574399643e-01 -3.701287771495659906e-01 2.862514424396330193e-01
-7.548289366871540063e-01 -5.458403684109940368e-01 3.637190791929489908e-01
-7.548289366871540063e-01 5.458403684109940368e-01 -3.637190791929489908e-01
-4.261501840252749918e-01 4.697319043079080103e-01 7.731416162300189798e-01
-4.261501840252749918e-01 -4.697319043079080103e-01 -7.731416162300189798e-01
-2.891997307810569851e-01 -1.141146908437999955e-03 9.572680990799670164e-01
-2.891997307810569851e-01 1.141146908437999955e-03 -9.572680990799670164e-01
2.156175384205379908e-01 5.551430456926660373e-01 -8.033214026532680130e-01
2.156175384205379908e-01 -5.551430456926660373e-01 8.033214026532680130e-01
-1.142885550934610028e-01 -7.345757574468110285e-01 -6.688322530817180089e-01
-1.142885550934610028e-01 7.345757574468110285e-01 6.688322530817180089e-01
6.081000029356700143e-01 -3.320926640358030091e-01 7.210609190210740538e-01
6.081000029356700143e-01 3.320926640358030091e-01 -7.210609190210740538e-01
5.277999076391209909e-01 -6.519899344971069599e-01 5.443678745360239768e-01
5.277999076391209909e-01 6.519899344971069599e-01 -5.443678745360239768e-01
-3.476131255376350149e-01 8.426164711869129631e-01 4.112938091617059921e-01
-3.476131255376350149e-01 -8.426164711869129631e-01 -4.112938091617059921e-01
7.011729307795619981e-01 -6.800632859976359912e-01 2.141738737483470101e-01
7.011729307795619981e-01 6.800632859976359912e-01 -2.141738737483470101e-01
5.145958094100040459e-01 -7.659978321573920335e-01 -3.852771393219620033e-01
5.145958094100040459e-01 7.659978321573920335e-01 3.852771393219620033e-01
-3.404984558552069940e-01 9.361739012206089505e-01 -8.740267873401599830e-02
-3.404984558552069940e-01 -9.361739012206089505e-01 8.740267873401599830e-02
-2.858476371939009941e-01 8.586667805120580255e-01 -4.254203666633700198e-01
-2.858476371939009941e-01 -8.586667805120580255e-01 4.254203666633700198e-01
8.815310772887310353e-01 8.500866021985499510e-02 -4.644098270687960217e-01
8.815310772887310353e-01 -8.500866021985499510e-02 4.644098270687960217e-01
2.539113440303980007e-01 2.499461780418660017e-01 9.343746237303409696e-01
2.539113440303980007e-01 -2.499461780418660017e-01 -9.343746237303409696e-01
-5.108373289191400074e-02 9.919445384823899481e-01 1.159158523458379969e-01
-5.108373289191400074e-02 -9.919445384823899481e-01 -1.159158523458379969e-01
1.810801613396429977e-01 -9.137220927267060144e-01 -3.637607901473339789e-01
1.810801613396429977e-01 9.137220927267060144e-01 3.637607901473339789e-01
-8.679861126806940330e-01 4.458967565200779859e-01 2.185776537860359969e-01
-8.679861126806940330e-01 -4.458967565200779859e-01 -2.185776537860359969e-01
7.739257608930939503e-01 -2.331832486541310090e-01 -5.887822086216829565e-01
7.739257608930939503e-01 2.331832486541310090e-01 5.887822086216829565e-01
-8.424325909894070374e-01 6.277342201211999484e-02 5.351325323170309511e-01
-8.424325909894070374e-01 -6.277342201211999484e-02 -5.351325323170309511e-01
-6.064406511682629564e-01 4.084134608114909915e-01 -6.822229706297420204e-01
-6.064406511682629564e-01 -4.084134608114909915e-01 6.822229706297420204e-01
-9.752309225648200242e-01 -2.174584238096539945e-01 -4.045344983888100182e-02
-9.752309225648200242e-01 2.174584238096539945e-01 4.045344983888100182e-02
-1.053351925270159944e-01 3.292023396681070246e-01 9.383657691905730180e-01
-1.053351925270159944e-01 -3.292023396681070246e-01 -9.383657691905730180e-01
-9.277585438858889644e-01 -1.797192523257550023e-01 3.270551552972100207e-01
-9.277585438858889644e-01 1.797192523257550023e-01 -3.270551552972100207e-01
-1.274443130890260123e-01 -4.015046184867179790e-01 9.069465190469480076e-01
-1.274443130890260123e-01 4.015046184867179790e-01 -9.069465190469480076e-01
1.000000000008137935e+00 0.000000000000000000e+00 0.000000000000000000e+00
