-8.938049777611359881e-01 -4.268621911244970257e-01 1.374821134468340034e-01
-4.268621912410919816e-01 1.374821134452879901e-01 -8.938049777056910061e-01
8.938049777701569942e-01 4.268621911281569870e-01 1.374821133768230064e-01
1.374821132964000048e-01 -8.938049777394909690e-01 -4.268621912182710143e-01
4.268621912727310064e-01 1.374821133773450055e-01 8.938049777010319552e-01
1.374821135290330010e-01 8.938049777077750058e-01 4.268621912097559923e-01
4.268621911859830087e-01 -1.374821134749930063e-01 -8.938049777274410523e-01
-1.374821133242909998e-01 8.938049777252790040e-01 -4.268621912390470063e-01
-4.268621912174139776e-01 -1.374821133472879930e-01 8.938049777320730138e-01
-1.374821135010710071e-01 -8.938049776936549673e-01 4.268621912483280267e-01
-8.938049776725479623e-01 4.268621913280710167e-01 -1.374821133907029869e-01
8.938049776635530463e-01 -4.268621913332599771e-01 -1.374821134330649897e-01
9.830866003855740498e-01 2.230038010752199984e-02 -1.817785168533229967e-01
2.230038023239400147e-02 -1.817785168087260039e-01 9.830866003909880524e-01
-9.830866003966129973e-01 -2.230038011332299841e-02 -1.817785167929150125e-01
-1.817785167104709887e-01 9.830866004096310284e-01 2.230038021145500093e-02
-2.230038027285400140e-02 -1.817785168366859994e-01 -9.830866003849000334e-01
-1.817785169360099928e-01 -9.830866003681789644e-01 -2.230038020037599863e-02
-2.230038017080000073e-02 1.817785168418749875e-01 9.830866003862559488e-01
1.817785167109789990e-01 -9.830866004090440535e-01 2.230038023321199991e-02
2.230038021255800057e-02 1.817785168040809973e-01 -9.830866003922970053e-01
1.817785169343839879e-01 9.830866003675029496e-01 -2.230038024343099917e-02
9.830866003916289841e-01 -2.230038033237199957e-02 1.817785167929960033e-01
-9.830866003805700526e-01 2.230038033786500146e-02 1.817785168521280081e-01
-8.979519869718749492e-01 3.766956030353649787e-01 2.275580184196639988e-01
3.766956029275280171e-01 2.275580183392059974e-01 -8.979519870375030077e-01
8.979519869860530523e-01 -3.766956030285690260e-01 2.275580183749660035e-01
2.275580183055539996e-01 -8.979519870419040428e-01 3.766956029373659809e-01
-3.766956028752609931e-01 2.275580184552540020e-01 8.979519870300199935e-01
2.275580184865670097e-01 8.979519869904799556e-01 -3.766956029506000059e-01
-3.766956029825109797e-01 -2.275580183689099867e-01 -8.979519870069100351e-01
-2.275580182809389951e-01 8.979519870547669758e-01 3.766956029215730029e-01
3.766956029314370014e-01 -2.275580184255799887e-01 8.979519870139740512e-01
-2.275580185113489917e-01 -8.979519870023480177e-01 -3.766956029073390000e-01
-8.979519870721940356e-01 -3.766956028306370219e-01 -2.275580183627070041e-01
8.979519870578189789e-01 3.766956028230509790e-01 -2.275580184319890009e-01
-1.713301512452209963e-01 4.597861949530550052e-01 -8.713453013615679588e-01
4.597861948431170021e-01 -8.713453014146490538e-01 -1.713301512702919971e-01
1.713301511912189989e-01 -4.597861949823339733e-01 -8.713453013567360461e-01
-8.713453013647539658e-01 -1.713301511629810037e-01 4.597861949776619883e-01
-4.597861950424320110e-01 -8.713453013037379957e-01 1.713301512994719888e-01
-8.713453013534070424e-01 1.713301513627270012e-01 -4.597861949247339930e-01
-4.597861948552020017e-01 8.713453014084100445e-01 -1.713301512695920015e-01
8.713453013928349478e-01 1.713301511781830100e-01 4.597861949187799779e-01
4.597861950544119836e-01 8.713453013090379784e-01 1.713301512403679894e-01
8.713453013254860435e-01 -1.713301513773549944e-01 -4.597861949721960273e-01
-1.713301512966100004e-01 -4.597861949130029879e-01 8.713453013725970253e-01
1.713301513507360097e-01 4.597861949429830064e-01 8.713453013461349705e-01
-3.971917022972230038e-01 -5.480955906492259722e-01 -7.360910100912190224e-01
-5.480955907789020198e-01 -7.360910100565569714e-01 -3.971917021825149829e-01
3.971917022502209904e-01 5.480955906252049648e-01 -7.360910101344669831e-01
-7.360910101747639711e-01 -3.971917021370829914e-01 -5.480955906530750044e-01
5.480955906102119579e-01 -7.360910101691310325e-01 3.971917022066689951e-01
-7.360910100491939723e-01 3.971917023058890162e-01 5.480955906993849602e-01
5.480955907525290050e-01 7.360910100441170334e-01 -3.971917022419619858e-01
7.360910101399249506e-01 3.971917021196019748e-01 -5.480955907125310000e-01
-5.480955905843859499e-01 7.360910101826250163e-01 3.971917022172999912e-01
7.360910100837819714e-01 -3.971917022879800085e-01 5.480955906659119581e-01
-3.971917021252600044e-01 5.480955907404190253e-01 7.360910101161060037e-01
3.971917021713859963e-01 -5.480955907162949892e-01 7.360910101091789892e-01
3.794747255349559811e-01 6.962772780944900264e-01 6.092592918368150423e-01
6.962772782104410529e-01 6.092592917871140212e-01 3.794747254020010008e-01
-3.794747254955759819e-01 -6.962772780741609546e-01 6.092592918845759487e-01
6.092592919259529616e-01 3.794747253762130179e-01 6.962772781030079905e-01
-6.962772780710559939e-01 6.092592919338879476e-01 -3.794747254221019772e-01
6.092592917959099852e-01 -3.794747255155420107e-01 -6.962772781408640421e-01
-6.962772781859060123e-01 -6.092592917748490544e-01 3.794747254667130143e-01
-6.092592918828779736e-01 -3.794747253530890152e-01 6.962772781533029809e-01
6.962772780465480427e-01 -6.092592919465890100e-01 -3.794747254466759867e-01
-6.092592918387369494e-01 3.794747254930950220e-01 -6.962772781156230106e-01
3.794747253362900086e-01 -6.962772781815950163e-01 -6.092592918610080233e-01
-3.794747253752370209e-01 6.962772781612159845e-01 -6.092592918600390206e-01
-6.787014464703280403e-01 7.297642134790810475e-01 8.251387328409699740e-02
7.297642133897720429e-01 8.251387317923400411e-02 -6.787014465791040285e-01
6.787014464747720410e-01 -7.297642134772199807e-01 8.251387326399499400e-02
8.251387321767099381e-02 -6.787014465525470497e-01 7.297642134101249844e-01
-7.297642133709739687e-01 8.251387336840200482e-02 6.787014465763180349e-01
8.251387332689200105e-02 6.787014465346919989e-01 -7.297642134143810244e-01
-7.297642134312839479e-01 -8.251387320173600437e-02 -6.787014465317330325e-01
-8.251387317169399382e-02 6.787014465773989480e-01 7.297642133922099816e-01
7.297642134127969582e-01 -8.251387334668000562e-02 6.787014465339900049e-01
-8.251387337365499730e-02 -6.787014465583359746e-01 -7.297642133871039549e-01
-6.787014466415409730e-01 -7.297642133248269936e-01 -8.251387324006100032e-02
6.787014466370160370e-01 7.297642133213440019e-01 -8.251387330807499754e-02
