-8.663763436416970221e-01 2.236968045802250060e-01 4.464882650178410017e-01
2.236968062120170131e-01 4.464882653478409735e-01 -8.663763430503049756e-01
8.663763431155789840e-01 -2.236968062252930045e-01 4.464882652145300002e-01
4.464882636797899984e-01 -8.663763440671450322e-01 2.236968056031529983e-01
-2.236968042860019990e-01 4.464882650235439954e-01 8.663763437147250501e-01
4.464882628495669969e-01 8.663763449479410239e-01 -2.236968038489199895e-01
-2.236968055886000006e-01 -4.464882635825370150e-01 -8.663763441210220462e-01
-4.464882648104649965e-01 8.663763438297410469e-01 2.236968042658440126e-01
2.236968038013990023e-01 -4.464882628087740168e-01 8.663763449812339479e-01
-4.464882650149240018e-01 -8.663763432190639824e-01 -2.236968062229010012e-01
-8.663763449211999701e-01 -2.236968040744080066e-01 -4.464882627884830257e-01
8.663763441725580439e-01 2.236968054822139895e-01 -4.464882635358359830e-01
-8.068447839335679550e-01 -4.617580792431280057e-01 -3.684846956019889874e-01
-4.617580817749449840e-01 -3.684846983908349749e-01 -8.068447812109450501e-01
8.068447813350599906e-01 4.617580816135860022e-01 -3.684846983212730076e-01
-3.684846979683569779e-01 -8.068447817064939853e-01 -4.617580812461949957e-01
4.617580789457649826e-01 -3.684846957167929871e-01 8.068447840513189862e-01
-3.684846977025539871e-01 8.068447831055050035e-01 4.617580790137720270e-01
4.617580812172950022e-01 3.684846984438829853e-01 -8.068447815058620298e-01
3.684846954813280062e-01 8.068447841829690104e-01 -4.617580789036290212e-01
-4.617580789678359943e-01 3.684846979360599795e-01 8.068447830251509467e-01
3.684846984606099940e-01 -8.068447812133080488e-01 4.617580817151359929e-01
-8.068447827741029865e-01 4.617580793147060270e-01 3.684846980510910197e-01
8.068447817099869690e-01 -4.617580810987120254e-01 3.684846981455259796e-01
-1.348424188581119898e-01 -4.002166950757200109e-02 9.900584770842180138e-01
-4.002166997561799888e-02 9.900584770162760284e-01 -1.348424192180459891e-01
1.348424189813569873e-01 4.002166978894199784e-02 9.900584770560579839e-01
9.900584769241169703e-01 -1.348424204361430012e-01 -4.002166815140199840e-02
4.002166967746099979e-02 9.900584771169209652e-01 1.348424185675700104e-01
9.900584772860210325e-01 1.348424178553969954e-01 4.002166789374300010e-02
4.002166803783600152e-02 -9.900584769275679875e-01 -1.348424204445070052e-01
-9.900584771152389774e-01 1.348424186351910026e-01 -4.002166949123499989e-02
-4.002166783779800147e-02 -9.900584772708920234e-01 1.348424179830819969e-01
-9.900584770420309821e-01 -1.348424190874289996e-01 4.002166977857499891e-02
-1.348424181227450003e-01 4.002166767089099936e-02 -9.900584772586169535e-01
1.348424203781130037e-01 -4.002166786721200048e-02 -9.900584769435080146e-01
4.979407731320700109e-02 -2.797381565618790034e-01 -9.587841851156539974e-01
-2.797381571299750180e-01 -9.587841850685120404e-01 4.979407502941499836e-02
-4.979407508500500318e-02 2.797381571118339738e-01 -9.587841850709180047e-01
-9.587841844609550357e-01 4.979407742976099671e-02 -2.797381587850680251e-01
2.797381566842330192e-01 -9.587841850838509927e-01 -4.979407723819100073e-02
-9.587841843069629943e-01 -4.979407685685800083e-02 2.797381594148459771e-01
2.797381590129380258e-01 9.587841843903790462e-01 4.979407750856700010e-02
9.587841850340860228e-01 -4.979407733711300327e-02 -2.797381568371919980e-01
-2.797381595759920181e-01 9.587841842431500394e-01 -4.979407718026099966e-02
9.587841850167220237e-01 4.979407490928899893e-02 2.797381573288649781e-01
4.979407703190499856e-02 2.797381595171780089e-01 9.587841842680150384e-01
-4.979407778562099790e-02 -2.797381588886910242e-01 9.587841844122410029e-01
2.054707686707769876e-01 -1.929017430722869963e-01 9.594637464446029718e-01
-1.929017443858979941e-01 9.594637463317140513e-01 2.054707679646680107e-01
-2.054707680866779962e-01 1.929017446304500116e-01 9.594637462564179486e-01
9.594637457387350521e-01 2.054707703405020125e-01 -1.929017448046460026e-01
1.929017429028800079e-01 9.594637464476849509e-01 -2.054707688154329970e-01
9.594637453663400484e-01 -2.054707716940409878e-01 1.929017452151489953e-01
1.929017448926259870e-01 -9.594637456856750513e-01 2.054707705056730005e-01
-9.594637463725329551e-01 -2.054707690642030016e-01 -1.929017430116919951e-01
-1.929017451220650103e-01 -9.594637453488920054e-01 -2.054707718629079916e-01
-9.594637462205629630e-01 2.054707682606519981e-01 1.929017446234780053e-01
2.054707717264440126e-01 1.929017454605979898e-01 -9.594637453100529623e-01
-2.054707706527429956e-01 -1.929017449496980008e-01 -9.594637456427049793e-01
-2.789053920740189874e-01 7.720048541378570217e-01 -5.711569726963190430e-01
7.720048542681720027e-01 -5.711569724663989600e-01 -2.789053921841520012e-01
2.789053921602380193e-01 -7.720048542493389565e-01 -5.711569725035320344e-01
-5.711569716753650550e-01 -2.789053920788350238e-01 7.720048548914559827e-01
-7.720048542660129520e-01 -5.711569725335670089e-01 2.789053920525769725e-01
-5.711569705671389885e-01 2.789053915822339857e-01 -7.720048558907699476e-01
-7.720048550783650265e-01 5.711569714219210114e-01 -2.789053920804899778e-01
5.711569725564700217e-01 2.789053919520950164e-01 7.720048542853700235e-01
7.720048559951140366e-01 5.711569703761280037e-01 2.789053916845750103e-01
5.711569724069059939e-01 -2.789053920341090231e-01 -7.720048543663939888e-01
-2.789053917242619862e-01 -7.720048559398009491e-01 5.711569704315110352e-01
2.789053921850089823e-01 7.720048549702489549e-01 5.711569715170170536e-01
9.123638599455530240e-01 -3.931981490415770164e-01 -1.139622861104939988e-01
-3.931981469939109797e-01 -1.139622871432540013e-01 9.123638606990269739e-01
-9.123638607831749958e-01 3.931981468241019795e-01 -1.139622870554620054e-01
-1.139622883699459993e-01 9.123638601627019895e-01 -3.931981478828430188e-01
3.931981490357560061e-01 -1.139622856815619978e-01 -9.123638600016380495e-01
-1.139622852598250052e-01 -9.123638610299219520e-01 3.931981467719949941e-01
3.931981476774950024e-01 1.139622880664040022e-01 9.123638602891159799e-01
1.139622860313019986e-01 -9.123638599292249740e-01 -3.931981491024160169e-01
-3.931981469123200235e-01 1.139622850908439955e-01 -9.123638609905539987e-01
1.139622873708760059e-01 9.123638607624560137e-01 3.931981467807589836e-01
9.123638610766999779e-01 3.931981466410029991e-01 1.139622853372879996e-01
-9.123638601990819996e-01 -3.931981478492599935e-01 1.139622881945649979e-01
8.486623369817879459e-01 -1.290998447282500072e-02 -5.287774296332260482e-01
-1.290998542466000043e-02 -5.287774320354929891e-01 8.486623354705240541e-01
-8.486623355528130075e-01 1.290998521418300002e-02 -5.287774319085619679e-01
-5.287774335254600278e-01 8.486623345656929551e-01 -1.290998387823900050e-02
1.290998463968199943e-02 -5.287774292818080424e-01 -8.486623371982090491e-01
-5.287774303861489944e-01 -8.486623365210670400e-01 1.290998392038199966e-02
1.290998394444800058e-02 5.287774334464799830e-01 8.486623346138959523e-01
5.287774294968270450e-01 -8.486623370671220190e-01 -1.290998444996100010e-02
-1.290998387164699925e-02 5.287774304196709574e-01 -8.486623365009220432e-01
5.287774322403560046e-01 8.486623353443260021e-01 1.290998532959400022e-02
8.486623363435590317e-01 1.290998374355700057e-02 5.287774306753589837e-01
-8.486623346681989588e-01 -1.290998365530299924e-02 5.287774333663860515e-01
-6.958511320861699989e-01 2.111647821010340098e-01 6.864405558929479456e-01
2.111647810997110131e-01 6.864405555444099694e-01 -6.958511327338580132e-01
6.958511327414009795e-01 -2.111647813350840119e-01 6.864405554643570051e-01
6.864405538891910075e-01 -6.958511343847569863e-01 2.111647810401819925e-01
-2.111647819305030038e-01 6.864405559602180240e-01 6.958511320715590198e-01
6.864405535989389628e-01 6.958511345259980052e-01 -2.111647815182799981e-01
-2.111647808703600027e-01 -6.864405537379060229e-01 -6.958511345855300512e-01
-6.864405557764750032e-01 6.958511322246789810e-01 2.111647820232230022e-01
2.111647814985050109e-01 -6.864405534995720037e-01 6.958511346300230160e-01
-6.864405552923320553e-01 -6.958511329810830315e-01 -2.111647811044669865e-01
-6.958511347448820272e-01 -2.111647815311530063e-01 -6.864405533730939535e-01
6.958511344958130396e-01 2.111647811014860099e-01 -6.864405537577530358e-01
-2.617181692630289880e-01 -5.816300983962440219e-01 7.702012909085409476e-01
-5.816300982908330086e-01 7.702012915065019616e-01 -2.617181677375720050e-01
2.617181678578640036e-01 5.816300981264259651e-01 7.702012915897810119e-01
7.702012927267940512e-01 -2.617181683217910115e-01 -5.816300964120250105e-01
5.816300984506259653e-01 7.702012908883759668e-01 2.617181692015180250e-01
7.702012932631270292e-01 2.617181680777749819e-01 5.816300958116079611e-01
5.816300962138030162e-01 -7.702012928812780324e-01 -2.617181683076860166e-01
-7.702012910515679822e-01 2.617181691302900015e-01 -5.816300982665769670e-01
-5.816300957166069541e-01 -7.702012933042760023e-01 2.617181681678060201e-01
-7.702012917059649633e-01 -2.617181676410449964e-01 5.816300980701369916e-01
-2.617181680763480123e-01 5.816300956377460363e-01 -7.702012933949069495e-01
2.617181684945419917e-01 -5.816300961299259997e-01 -7.702012928811240444e-01
5.061364370868439710e-01 7.009928815969670435e-01 5.024289870254460277e-01
7.009928835685089732e-01 5.024289853021359775e-01 5.061364360669680096e-01
-5.061364361231960318e-01 -7.009928835031119521e-01 5.024289853367359671e-01
5.024289862814259600e-01 5.061364357644879686e-01 7.009928830850129522e-01
-7.009928816351710390e-01 5.024289869389250152e-01 -5.061364371198200374e-01
5.024289861990810513e-01 -5.061364363423219714e-01 -7.009928827268210316e-01
-7.009928831784340009e-01 -5.024289861247950295e-01 5.061364357905839828e-01
-5.024289870991429652e-01 -5.061364370344130226e-01 7.009928815820030135e-01
7.009928826710060124e-01 -5.024289861979139848e-01 -5.061364364207819877e-01
-5.024289852778980325e-01 5.061364359559350490e-01 -7.009928836660509477e-01
5.061364363001890077e-01 -7.009928827898670445e-01 -5.024289861535630175e-01
-5.061364358522459916e-01 7.009928829915319515e-01 -5.024289863234450149e-01
-4.407481491825779862e-01 6.022420241579790057e-01 6.656167165345470149e-01
6.022420222600990414e-01 6.656167183423400413e-01 -4.407481490457330064e-01
4.407481491000159735e-01 -6.022420223379979509e-01 6.656167182359139511e-01
6.656167156340270230e-01 -4.407481493907859926e-01 6.022420250008869713e-01
-6.022420238049980279e-01 6.656167168141670087e-01 4.407481492426140179e-01
6.656167165860119583e-01 4.407481497832089756e-01 -6.022420236615290134e-01
-6.022420249402079540e-01 -6.656167157609319540e-01 -4.407481492820459756e-01
-6.656167164623709720e-01 4.407481494240079734e-01 6.022420240610619757e-01
6.022420238520259650e-01 -6.656167164607440512e-01 4.407481497120919745e-01
-6.656167182662929838e-01 -4.407481491798799778e-01 -6.022420222459740069e-01
-4.407481496557820178e-01 -6.022420238831940331e-01 -6.656167164698300054e-01
4.407481492825400249e-01 6.022420253069330487e-01 -6.656167154287969678e-01
-8.902578367755300537e-01 -2.935185477582289981e-01 3.482640466394050227e-01
-2.935185468996729941e-01 3.482640436499219727e-01 -8.902578382280660341e-01
8.902578381784459483e-01 2.935185467624439881e-01 3.482640438924219928e-01
3.482640444627599918e-01 -8.902578373223529740e-01 -2.935185486823069789e-01
2.935185479087850102e-01 3.482640466866249729e-01 8.902578367074199805e-01
3.482640471787870062e-01 8.902578362705020343e-01 2.935185486500240248e-01
2.935185489325449759e-01 -3.482640443361840199e-01 -8.902578372893650283e-01
-3.482640469012239781e-01 8.902578366266270526e-01 -2.935185478992100028e-01
-2.935185489461999975e-01 -3.482640470802280119e-01 8.902578362114079713e-01
-3.482640437865889838e-01 -8.902578381927660489e-01 2.935185468445850043e-01
-8.902578363572190012e-01 2.935185486920580122e-01 -3.482640469216879975e-01
8.902578371864430240e-01 -2.935185488110970131e-01 -3.482640447016380203e-01
6.619719465221539645e-01 3.138965556450799832e-02 7.488710379906620140e-01
3.138965429721000261e-02 7.488710401727519672e-01 6.619719441137079663e-01
-6.619719441960080220e-01 -3.138965411214200002e-02 7.488710401077589562e-01
7.488710391643289555e-01 6.619719452186929587e-01 3.138965505254900229e-02
-3.138965576897199961e-02 7.488710377831829801e-01 -6.619719467471749663e-01
7.488710374229330391e-01 -6.619719471714430314e-01 -3.138965541621500238e-02
-3.138965502676799996e-02 -7.488710390441609688e-01 6.619719453558580158e-01
-7.488710377677350039e-01 -6.619719467611250296e-01 3.138965584333199693e-02
3.138965553855999763e-02 -7.488710372221779599e-01 -6.619719473927510034e-01
-7.488710402389310294e-01 6.619719440450869685e-01 -3.138965416549700099e-02
6.619719470714799936e-01 -3.138965522335800118e-02 -7.488710375193790014e-01
-6.619719455513509709e-01 3.138965496147899659e-02 -7.488710388740900115e-01
-1.257325468629560128e-01 -8.776970906645390480e-01 -4.624274469561239775e-01
-8.776970918317049675e-01 -4.624274453820790276e-01 -1.257325445044809864e-01
1.257325444036380135e-01 8.776970919764239820e-01 -4.624274451348199810e-01
-4.624274461677559955e-01 -1.257325478951009934e-01 -8.776970909320439551e-01
8.776970907904779740e-01 -4.624274466873070089e-01 1.257325469724930034e-01
-4.624274432329320006e-01 1.257325471315280108e-01 8.776970925876830254e-01
8.776970911119199581e-01 4.624274458629050177e-01 -1.257325477606499875e-01
4.624274466781809756e-01 1.257325473667960103e-01 -8.776970907388009779e-01
-8.776970925085100239e-01 4.624274433572250209e-01 1.257325472270749978e-01
4.624274449492740136e-01 -1.257325447342650115e-01 8.776970920268180043e-01
-1.257325468959419879e-01 8.776970926167949605e-01 4.624274432417320169e-01
1.257325478895729987e-01 -8.776970910219350497e-01 4.624274459986439934e-01
