-7.517899346754419732e-01 1.272949006495000066e-03 6.594014511066239592e-01
-6.032906795965149449e-01 5.764982256106999658e-01 5.510808940434149816e-01
8.292027168642549517e-01 4.815187022895059954e-01 2.838355046331739739e-01
1.929221497772790062e-01 -2.223601215708269907e-01 -9.556866748366430464e-01
-2.785159068032990182e-01 9.052411651171370366e-01 -3.208852172271339787e-01
9.082029326210639963e-01 -2.508502966092759912e-01 -3.350247182963340120e-01
-1.180382999999999935e-09 -1.000000000000000000e+00 8.019140000000000083e-10
-9.538905062002850377e-01 -2.549696530418639751e-01 -1.583773285817010046e-01
9.538905065240930181e-01 -2.549696528165359966e-01 1.583773269941869954e-01
-6.673484194806179604e-01 7.420156986183139569e-01 -6.370863380026700606e-02
6.673484197660369821e-01 7.420156983236130266e-01 6.370863424289699428e-02
7.517899351243889638e-01 1.272945385680000025e-03 -6.594014506017650268e-01
6.032906802155370007e-01 5.764982243078919932e-01 -5.510808947286439663e-01
-8.292027178358539752e-01 4.815187017533690272e-01 -2.838355027042659962e-01
-1.929221476618709907e-01 -2.223601256037019969e-01 9.556866743253440433e-01
2.785159082894069771e-01 9.052411648797700217e-01 3.208852166068780210e-01
-9.082029337449299966e-01 -2.508502942157559978e-01 3.350247170418499953e-01
3.499689151173600021e-01 -4.731229379223340081e-01 -8.085025937270190477e-01
6.544766022932410054e-01 -4.773086975267519794e-01 -5.863759752206859632e-01
6.009334766158899721e-02 9.648264242313180361e-01 -2.559272566020109885e-01
-5.349037574243969972e-01 1.817068882520939954e-01 8.251427616206810089e-01
9.382547763725970213e-01 1.180583321948509984e-01 3.251771898725049903e-01
-4.170908818933070084e-01 8.873581006471089605e-01 1.965471888820070068e-01
-3.499689172192330111e-01 -4.731229378038719902e-01 8.085025928865240408e-01
-6.544766056396119636e-01 -4.773086935360429939e-01 5.863759747341019679e-01
-6.009334773821899817e-02 9.648264228728560266e-01 2.559272617053169885e-01
5.349037595027350545e-01 1.817068890598569908e-01 -8.251427600955050234e-01
-9.382547754418749664e-01 1.180583315188510063e-01 -3.251771928034040138e-01
4.170908826335780195e-01 8.873580999719139495e-01 -1.965471903594120107e-01
-2.586532187219839907e-01 6.890388490361269991e-01 6.769962902141539729e-01
7.081871269988100626e-02 6.301723165523499537e-01 7.732189608271230474e-01
5.189334168074180020e-01 -7.428979191971929463e-01 4.228602494596280237e-01
-3.121359671822570014e-01 -2.079912208958709929e-01 -9.269901779530580477e-01
8.468702844430839871e-01 4.449622637910349843e-01 -2.912375407279200190e-01
2.575859597036910253e-01 -8.663642772082119636e-01 -4.278579349983139823e-01
-2.319404896990669984e-01 -5.396792353701790335e-01 -8.092897701987940007e-01
-3.380227449335500289e-02 -8.001507819618469686e-01 -5.988456665660369937e-01
9.757305810332800311e-01 1.410060257678399931e-01 -1.675324862037720075e-01
-1.581939447438739932e-01 2.213858014038710131e-01 9.622697141566589618e-01
3.273114541969330271e-01 -9.325273258148709665e-01 1.525122898656199877e-01
4.658731166399640022e-01 6.582666295665130507e-01 5.913098033952329802e-01
2.586532184202660067e-01 6.890388508098129750e-01 -6.769962885241920247e-01
-7.081871318686500105e-02 6.301723189976150552e-01 -7.732189587896339811e-01
-5.189334158531020424e-01 -7.428979194078909609e-01 -4.228602502605999791e-01
3.121359697953099976e-01 -2.079912230947759955e-01 9.269901765798169713e-01
-8.468702840590309755e-01 4.449622636060709957e-01 2.912375421272779819e-01
-2.575859628888220176e-01 -8.663642754862810325e-01 4.278579365674660129e-01
2.319404899118349961e-01 -5.396792373021870315e-01 8.092897688494450348e-01
3.380227396272399848e-02 -8.001507829292250351e-01 5.988456653034209820e-01
-9.757305813495590341e-01 1.410060261325239983e-01 1.675324840547799954e-01
1.581939460232469896e-01 2.213858049295059915e-01 -9.622697131352050404e-01
-3.273114553648249769e-01 -9.325273255225300373e-01 -1.525122891466720032e-01
-4.658731188562820202e-01 6.582666296051720156e-01 -5.913098016060349682e-01
6.106956263507039573e-01 3.121601474694130074e-01 7.277409527352409757e-01
7.174395636380459518e-01 -8.620412351175399390e-02 6.912664620943369531e-01
-5.912791221392440510e-01 -7.720097953035740534e-01 2.332163709467640067e-01
-2.474130142779580044e-01 2.025562254882470048e-01 -9.475008052143539805e-01
8.049965774007440400e-01 -5.926936772352100480e-01 2.635745318677399848e-02
-7.085281413101900405e-01 -4.389146795625170072e-01 -5.525773946118870406e-01
-6.106956259763699491e-01 3.121601478030550103e-01 -7.277409529062549565e-01
-7.174395616575870438e-01 -8.620412414971100057e-02 -6.912664640702239627e-01
5.912791203472049784e-01 -7.720097968218080364e-01 -2.332163704643940016e-01
2.474130154862340114e-01 2.025562225320340082e-01 9.475008055308250521e-01
-8.049965776032129705e-01 -5.926936769196340382e-01 -2.635745409933799854e-02
7.085281422756619651e-01 -4.389146791903679734e-01 5.525773936695349553e-01
