-5.694055179010849566e-01 5.542045613982700125e-01 -6.071529134486209900e-01
5.694055523855260370e-01 5.542048566904479445e-01 6.071526115675159874e-01
5.542046344968849514e-01 -5.694054484879880196e-01 6.071529118223579768e-01
-5.542046395360630262e-01 -5.694058077936340334e-01 -6.071525702552700299e-01
5.542047982619690005e-01 5.694054833886880163e-01 -6.071527296078850222e-01
-5.694057591145790242e-01 -5.542045603725730407e-01 6.071526881678059873e-01
-5.542047955845680329e-01 5.694058487411790548e-01 6.071523894134029931e-01
5.694057851609479748e-01 -5.542048622491709819e-01 -6.071523881898369668e-01
7.585493682582200581e-02 6.250668639900239798e-01 -7.768767238763359950e-01
-7.585487565776799501e-02 6.250672893463250501e-01 7.768763876114279654e-01
6.250669559548009957e-01 7.585502551761200141e-02 7.768766412224790141e-01
-6.250669482465409654e-01 7.585457844217699530e-02 -7.768766910772370027e-01
6.250672129906620356e-01 -7.585496208545000618e-02 -7.768764406075789886e-01
7.585464646445300163e-02 -6.250668586718639563e-01 7.768767565063600111e-01
-6.250672106024059982e-01 -7.585450579654599845e-02 7.768764870814980350e-01
-7.585459325837100308e-02 -6.250672879664660453e-01 -7.768764162953170072e-01
6.766307228492509651e-01 2.640640899647029860e-01 -6.873434522039280070e-01
-6.766307431054110477e-01 2.640645010597260089e-01 6.873432743285540214e-01
2.640641732525960128e-01 6.766307863272670309e-01 6.873433577176449871e-01
-2.640641283763189850e-01 6.766303881516479990e-01 -6.873437669278790185e-01
2.640644326601570002e-01 -6.766308146991479866e-01 -6.873432301284689849e-01
6.766304674050469536e-01 -2.640640447942230185e-01 6.873437210203799941e-01
-2.640643948916699957e-01 -6.766304112164199802e-01 6.873436418325229447e-01
-6.766304889975279790e-01 -2.640644448609559825e-01 -6.873435460664789609e-01
5.225174094966770211e-01 -8.523747562349519580e-01 2.080460781382499971e-02
-5.225174555819129818e-01 -8.523747396784789876e-01 -2.080412868275900024e-02
-8.523747408012080085e-01 5.225174366653629887e-01 -2.080455778746900103e-02
8.523747193717660098e-01 5.225174856105180288e-01 2.080420647764099837e-02
-8.523747229155119731e-01 -5.225174776566959833e-01 2.080426105367199838e-02
5.225174709083679758e-01 8.523747247075600386e-01 -2.080435712137800042e-02
8.523746942613420474e-01 -5.225175382365789822e-01 -2.080391352773100153e-02
-5.225175080031619901e-01 8.523747135820309850e-01 2.080388127529499837e-02
-6.412720930451549783e-01 -7.138145110467050136e-01 -2.814941322668019774e-01
6.412720618232350400e-01 -7.138143828861890361e-01 2.814945283833880096e-01
-7.138144798722160234e-01 -6.412720643629870043e-01 2.814942766600960211e-01
7.138144968041479910e-01 -6.412721987354440545e-01 -2.814939276099029941e-01
-7.138144076807839689e-01 6.412720376355860452e-01 -2.814945206110340270e-01
-6.412721523756800268e-01 7.138145407565089640e-01 2.814939217674820027e-01
7.138144351043309577e-01 6.412721615224009630e-01 2.814941688438200029e-01
6.412721284426680102e-01 7.138144071031889970e-01 -2.814943152082000077e-01
-8.243557353579200608e-02 -8.834093157701019550e-01 4.612942195892180131e-01
8.243560071959800395e-02 -8.834095799674539506e-01 -4.612937087753600229e-01
-8.834093739438519943e-01 -8.243560570992500280e-02 -4.612941024328929829e-01
8.834093812959580294e-01 -8.243535358698600435e-02 4.612941334086970158e-01
-8.834095379023599870e-01 8.243565146372999752e-02 4.612937802646919772e-01
-8.243540888838400693e-02 8.834093255692500035e-01 -4.612942302464749789e-01
8.834095447997950545e-01 8.243538701919400635e-02 -4.612938143131929958e-01
8.243544640307599869e-02 8.834095871068109451e-01 4.612937226801370194e-01
-4.225331214647060074e-01 -8.445436520941490555e-01 3.289555911863629722e-01
4.225331684359699969e-01 -8.445438220582509592e-01 -3.289550944957400080e-01
-8.445436875846850100e-01 -4.225331460912509773e-01 -3.289554684377369864e-01
8.445436630728000438e-01 -4.225329760682769997e-01 3.289557497574139844e-01
-8.445437782689599882e-01 4.225332137671110044e-01 3.289551486917730028e-01
-4.225330120157230196e-01 8.445436283876760486e-01 -3.289557926328400272e-01
8.445437566815580110e-01 4.225330341218139774e-01 -3.289554348631679725e-01
4.225330705412049803e-01 8.445437911132049891e-01 3.289552996854669953e-01
-3.939680451887819790e-01 3.239654038504459765e-01 -8.601369637901560283e-01
3.939680396136029938e-01 3.239658983727389807e-01 8.601367800847480316e-01
3.239655022420410146e-01 -3.939679564556060054e-01 8.601369673739499566e-01
-3.239655274941100060e-01 -3.939684736504400209e-01 -8.601367209723149720e-01
3.239658203793109870e-01 3.939679443062910069e-01 -8.601368531141050378e-01
-3.939683908979780269e-01 -3.239654283983620098e-01 8.601367961992579803e-01
-3.239658395814200009e-01 3.939684617723410165e-01 8.601366088668950249e-01
3.939683764813610156e-01 -3.239659272745810115e-01 -8.601366149035639674e-01
-2.936081395258109961e-01 -7.866422710775200500e-01 -5.431281596070980378e-01
2.936081793196639866e-01 -7.866419729586749954e-01 5.431285698766680214e-01
-7.866422277267299812e-01 -2.936080672959829885e-01 5.431282614409269627e-01
7.866422649763410435e-01 -2.936083370042730234e-01 -5.431280616893939817e-01
-7.866420432050199585e-01 2.936081255164750270e-01 -5.431284972204399875e-01
-2.936082726163999901e-01 7.866423188882349926e-01 5.431280184131129785e-01
7.866420861019349786e-01 2.936083854685659911e-01 5.431282945637599946e-01
2.936083234142329856e-01 7.866420192334200312e-01 -5.431284249588209656e-01
9.841664392210740520e-01 1.426760209158330073e-01 -1.051664060740750001e-01
-9.841664429774370504e-01 1.426760708009099932e-01 1.051663032437370054e-01
1.426760321222919903e-01 9.841664503542659759e-01 1.051662866841009958e-01
-1.426760793115799952e-01 9.841663891577570045e-01 -1.051667953512799986e-01
1.426760464625700109e-01 -9.841664563870550220e-01 -1.051662107730299972e-01
9.841663986728490521e-01 -1.426760869279299904e-01 1.051666959747669938e-01
-1.426761056817139883e-01 -9.841663928464059463e-01 1.051667250568980028e-01
-9.841664034539779893e-01 -1.426761259253239988e-01 -1.051665983257220049e-01
3.357004212033040114e-01 -8.322020457868699317e-02 9.382854708210109917e-01
-3.357004358573060232e-01 -8.322077133138000571e-02 -9.382854153104079886e-01
-8.322029596300399568e-02 3.357003170376169909e-01 -9.382854999842390464e-01
8.322028393485900177e-02 3.357008307250750057e-01 9.382853172635150507e-01
-8.322067543014899371e-02 -3.357003389159219919e-01 9.382854585000689474e-01
3.357007330923629795e-01 8.322018358065400023e-02 -9.382853610954680068e-01
8.322065570232299592e-02 -3.357008586651170079e-01 -9.382852742934729706e-01
-3.357007512253949999e-01 8.322075253959100583e-02 9.382853041444539910e-01
9.374298036651930177e-01 -2.438103711453570022e-01 -2.485595826400590069e-01
-9.374297921191470095e-01 -2.438102048826240043e-01 2.485597892712050061e-01
-2.438103257062110008e-01 9.374298324994120302e-01 2.485595184641989919e-01
2.438102653068900116e-01 9.374297193846139464e-01 -2.485600043157960015e-01
-2.438102188163329964e-01 -9.374298162223220210e-01 -2.485596846999029996e-01
9.374297510146519796e-01 2.438102904464780063e-01 2.485598603656909988e-01
2.438101493315749935e-01 -9.374297044911870103e-01 2.485601742445520124e-01
-9.374297352671739914e-01 2.438101374198859972e-01 -2.485600698588019963e-01
1.462980300000000071e-07 -3.025366460000000173e-07 -9.999999999999430456e-01
-1.882498310000000039e-07 2.466959099999999921e-07 9.999999999999520384e-01
