7.326040972909999560e-01 -6.631689185700000433e-01 1.532912981089999960e-01
0.000000000000000000e+00 9.341723589629999935e-01 -3.568220897730000063e-01
0.000000000000000000e+00 9.341723589629999935e-01 3.568220897730000063e-01
5.773502691899999872e-01 5.773502691899999872e-01 -5.773502691899999872e-01
-5.773502691899999872e-01 5.773502691899999872e-01 -5.773502691899999872e-01
-5.773502691899999872e-01 5.773502691899999872e-01 5.773502691899999872e-01
5.773502691899999872e-01 5.773502691899999872e-01 5.773502691899999872e-01
9.341723589629999935e-01 3.568220897730000063e-01 0.000000000000000000e+00
3.568220897730000063e-01 0.000000000000000000e+00 -9.341723589629999935e-01
-3.568220897730000063e-01 0.000000000000000000e+00 -9.341723589629999935e-01
-9.341723589629999935e-01 3.568220897730000063e-01 0.000000000000000000e+00
-3.568220897730000063e-01 0.000000000000000000e+00 9.341723589629999935e-01
3.568220897730000063e-01 0.000000000000000000e+00 9.341723589629999935e-01
9.341723589629999935e-01 -3.568220897730000063e-01 0.000000000000000000e+00
5.773502691899999872e-01 -5.773502691899999872e-01 -5.773502691899999872e-01
-5.773502691899999872e-01 -5.773502691899999872e-01 -5.773502691899999872e-01
-9.341723589629999935e-01 -3.568220897730000063e-01 0.000000000000000000e+00
-5.773502691899999872e-01 -5.773502691899999872e-01 5.773502691899999872e-01
5.773502691899999872e-01 -5.773502691899999872e-01 5.773502691899999872e-01
0.000000000000000000e+00 -9.341723589629999935e-01 -3.568220897730000063e-01
0.000000000000000000e+00 -9.341723589629999935e-01 3.568220897730000063e-01
-4.472172493639999802e-01 -8.395476905300000015e-01 -3.084743217779999935e-01
-7.326040972909999560e-01 -6.631689185700000433e-01 -1.532912981089999960e-01
-2.853868479259999980e-01 -3.867734581069999789e-01 8.769040079359999851e-01
3.735631740599999751e-02 -2.334821599980000106e-01 9.716432403470000034e-01
6.952477798849999724e-01 -6.862563924210000055e-01 -2.137350893659999973e-01
4.472172493639999802e-01 -8.395476905300000015e-01 3.084743217779999935e-01
2.853868479259999980e-01 -3.867734581069999789e-01 -8.769040079359999851e-01
-3.735631740599999751e-02 -2.334821599980000106e-01 -9.716432403470000034e-01
-6.952477798849999724e-01 -6.862563924210000055e-01 2.137350893659999973e-01
-2.334821599980000106e-01 -9.716432403470000034e-01 -3.735631740599999751e-02
-9.716432403470000034e-01 3.735631740599999751e-02 2.334821599980000106e-01
-8.395476905300000015e-01 3.084743217779999935e-01 4.472172493639999802e-01
3.084743217779999935e-01 -4.472172493639999802e-01 8.395476905300000015e-01
-2.137350893659999973e-01 -6.952477798849999724e-01 6.862563924210000055e-01
6.862563924210000055e-01 2.137350893659999973e-01 6.952477798849999724e-01
8.769040079359999851e-01 2.853868479259999980e-01 3.867734581069999789e-01
3.867734581069999789e-01 -8.769040079359999851e-01 -2.853868479259999980e-01
2.334821599980000106e-01 -9.716432403470000034e-01 3.735631740599999751e-02
9.716432403470000034e-01 3.735631740599999751e-02 -2.334821599980000106e-01
8.395476905300000015e-01 3.084743217779999935e-01 -4.472172493639999802e-01
-3.084743217779999935e-01 -4.472172493639999802e-01 -8.395476905300000015e-01
2.137350893659999973e-01 -6.952477798849999724e-01 -6.862563924210000055e-01
-6.862563924210000055e-01 2.137350893659999973e-01 -6.952477798849999724e-01
-8.769040079359999851e-01 2.853868479259999980e-01 -3.867734581069999789e-01
-3.867734581069999789e-01 -8.769040079359999851e-01 2.853868479259999980e-01
-6.631689185700000433e-01 -1.532912981089999960e-01 -7.326040972909999560e-01
-6.631689185700000433e-01 1.532912981089999960e-01 7.326040972909999560e-01
-8.769040079359999851e-01 -2.853868479259999980e-01 3.867734581069999789e-01
-1.532912981089999960e-01 7.326040972909999560e-01 6.631689185700000433e-01
2.137350893659999973e-01 6.952477798849999724e-01 6.862563924210000055e-01
1.532912981089999960e-01 -7.326040972909999560e-01 6.631689185700000433e-01
-3.084743217779999935e-01 4.472172493639999802e-01 8.395476905300000015e-01
9.716432403470000034e-01 -3.735631740599999751e-02 2.334821599980000106e-01
6.631689185700000433e-01 -1.532912981089999960e-01 7.326040972909999560e-01
6.631689185700000433e-01 1.532912981089999960e-01 -7.326040972909999560e-01
8.769040079359999851e-01 -2.853868479259999980e-01 -3.867734581069999789e-01
1.532912981089999960e-01 7.326040972909999560e-01 -6.631689185700000433e-01
-2.137350893659999973e-01 6.952477798849999724e-01 -6.862563924210000055e-01
-1.532912981089999960e-01 -7.326040972909999560e-01 -6.631689185700000433e-01
3.084743217779999935e-01 4.472172493639999802e-01 -8.395476905300000015e-01
-9.716432403470000034e-01 -3.735631740599999751e-02 -2.334821599980000106e-01
-8.395476905300000015e-01 -3.084743217779999935e-01 -4.472172493639999802e-01
-3.867734581069999789e-01 8.769040079359999851e-01 -2.853868479259999980e-01
-2.334821599980000106e-01 9.716432403470000034e-01 3.735631740599999751e-02
-6.862563924210000055e-01 -2.137350893659999973e-01 6.952477798849999724e-01
-6.952477798849999724e-01 6.862563924210000055e-01 -2.137350893659999973e-01
2.853868479259999980e-01 3.867734581069999789e-01 8.769040079359999851e-01
-3.735631740599999751e-02 2.334821599980000106e-01 9.716432403470000034e-01
2.334821599980000106e-01 9.716432403470000034e-01 -3.735631740599999751e-02
4.472172493639999802e-01 8.395476905300000015e-01 -3.084743217779999935e-01
8.395476905300000015e-01 -3.084743217779999935e-01 4.472172493639999802e-01
3.867734581069999789e-01 8.769040079359999851e-01 2.853868479259999980e-01
6.862563924210000055e-01 -2.137350893659999973e-01 -6.952477798849999724e-01
6.952477798849999724e-01 6.862563924210000055e-01 2.137350893659999973e-01
-2.853868479259999980e-01 3.867734581069999789e-01 -8.769040079359999851e-01
3.735631740599999751e-02 2.334821599980000106e-01 -9.716432403470000034e-01
-4.472172493639999802e-01 8.395476905300000015e-01 3.084743217779999935e-01
-7.326040972909999560e-01 6.631689185700000433e-01 1.532912981089999960e-01
7.326040972909999560e-01 6.631689185700000433e-01 -1.532912981089999960e-01
