-3.102358052497489749e-01 -1.695438068003319865e-01 -9.354189664084709976e-01
1.695438245277930134e-01 -3.102358032133020194e-01 -9.354189638707820498e-01
3.102358043104059826e-01 1.695438064615560070e-01 -9.354189667814110098e-01
-1.695438247905939888e-01 3.102358029753800039e-01 -9.354189639020570324e-01
3.080106395452920087e-01 7.128229440024219654e-01 -6.300895939710640103e-01
-7.128229497334129805e-01 3.080106525155399955e-01 -6.300895811472430053e-01
-3.080106400707460224e-01 -7.128229436696710275e-01 -6.300895940906460213e-01
7.128229496578489810e-01 -3.080106520361460265e-01 -6.300895814670739448e-01
-9.684362379642059704e-01 2.082268276479199987e-01 -1.370140184266580019e-01
-2.082268500532560018e-01 -9.684362325385089676e-01 -1.370140227258430099e-01
9.684362379767059714e-01 -2.082268278058279909e-01 -1.370140180983230038e-01
2.082268498534730061e-01 9.684362325965639728e-01 -1.370140226191199906e-01
8.586262817733429920e-01 -5.052982431788259898e-01 8.622408995447400359e-02
5.052982557699889909e-01 8.586262732469619463e-01 8.622410107296600568e-02
-8.586262822272230366e-01 5.052982423131390233e-01 8.622409050787299689e-02
-5.052982552596350097e-01 -8.586262735002110347e-01 8.622410154191299803e-02
-3.076806405853370063e-01 8.989497927506759911e-01 -3.118042551385610262e-01
-8.989497856751239580e-01 -3.076806478419160107e-01 -3.118042683771800050e-01
3.076806414195989992e-01 -8.989497925206360041e-01 -3.118042549785520201e-01
8.989497856596949665e-01 3.076806478121439925e-01 -3.118042684510399787e-01
-1.881269674789199861e-02 8.788352715579450525e-01 -4.767542846233739917e-01
-8.788352674167739798e-01 -1.881269483766200012e-02 -4.767542923324690207e-01
1.881269703441700025e-02 -8.788352718529219842e-01 -4.767542840683149930e-01
8.788352673544439497e-01 1.881269536686299912e-02 -4.767542924264829840e-01
-3.443336355513509917e-01 -6.483077173102800295e-01 6.790666028482950090e-01
6.483077128381730114e-01 -3.443336361146759894e-01 6.790666068321890014e-01
3.443336355857969933e-01 6.483077171965959673e-01 6.790666029393630510e-01
-6.483077130085980189e-01 3.443336359123689849e-01 6.790666067720679822e-01
-4.702219025736310010e-01 1.507076562319540070e-01 -8.695852831626730284e-01
-1.507076423096880002e-01 -4.702218831646909902e-01 -8.695852960707799451e-01
4.702219026282020153e-01 -1.507076555533239937e-01 -8.695852832507769969e-01
1.507076423431299994e-01 4.702218829961750113e-01 -8.695852961561080230e-01
4.250546442785840262e-01 -5.365868962264600528e-01 -7.289739722207240202e-01
5.365868810820779711e-01 4.250546477560929737e-01 -7.289739813405909930e-01
-4.250546449700540186e-01 5.365868967776059595e-01 -7.289739714118480540e-01
-5.365868816243599682e-01 -4.250546474806120023e-01 -7.289739811020540250e-01
-9.120790010399709713e-01 -2.938855871432070055e-01 2.859076031367849824e-01
2.938855870986690211e-01 -9.120790039165269647e-01 2.859075940060130105e-01
9.120790011259080066e-01 2.938855867954029977e-01 2.859076032201440243e-01
-2.938855864337709956e-01 9.120790039708700503e-01 2.859075945161019816e-01
7.800490853796700208e-02 -2.409701128503410061e-01 9.673927015214019987e-01
2.409700982846980089e-01 7.800489882319400214e-02 9.673927059329350264e-01
-7.800490855350500352e-02 2.409701126292690121e-01 9.673927015752169511e-01
-2.409700983316570011e-01 -7.800489907664499845e-02 9.673927059008009532e-01
8.203021255018100311e-02 8.575896040166369749e-01 5.077510367410009717e-01
-8.575896013812589480e-01 8.203020740984599823e-02 5.077510420225940235e-01
-8.203021201448799926e-02 -8.575896040944059884e-01 5.077510366961920374e-01
8.575896014037209802e-01 -8.203020753656700692e-02 5.077510419641829698e-01
-5.157608515154790130e-01 1.312671357910150105e-01 8.466166092779250363e-01
-1.312671273545900075e-01 -5.157608597677749707e-01 8.466166055586670236e-01
5.157608517164380402e-01 -1.312671356343969864e-01 8.466166091797839854e-01
1.312671273657819992e-01 5.157608594800460189e-01 8.466166057322169758e-01
-4.112466865719089926e-01 -8.405963083116390067e-01 -3.525251895063249985e-01
8.405963119434809450e-01 -4.112466852339070056e-01 -3.525251824070759765e-01
4.112466866842349744e-01 8.405963084310540401e-01 -3.525251890905439778e-01
-8.405963117351960001e-01 4.112466861438969778e-01 -3.525251818421599737e-01
5.168800760600560373e-01 -6.903894058323269967e-01 5.061595156535509954e-01
6.903894114548110306e-01 5.168800558538949597e-01 5.061595286187490217e-01
-5.168800758947940110e-01 6.903894058076810447e-01 5.061595158559299978e-01
-6.903894116967520533e-01 -5.168800557478869795e-01 5.061595283970009573e-01
9.896212971777389455e-01 1.378664432199329937e-01 -4.052816312313600039e-02
-1.378664305857560113e-01 9.896212992709769729e-01 -4.052815498843499731e-02
-9.896212971606950237e-01 -1.378664433659110011e-01 -4.052816304271499720e-02
1.378664304425689935e-01 -9.896212992844279910e-01 -4.052815514707899802e-02
-1.958479300104780108e-01 7.299184127203559580e-01 6.548760944502449721e-01
-7.299183943115260531e-01 -1.958479223150010051e-01 6.548761172699619770e-01
1.958479303320259934e-01 -7.299184127928279864e-01 6.548760942733059531e-01
7.299183944702529736e-01 1.958479222995380131e-01 6.548761170976710178e-01
-9.611745912687720272e-01 1.374629981461890083e-01 2.392641411494209891e-01
-1.374630118003830059e-01 -9.611745912677800430e-01 2.392641333087429933e-01
9.611745912333690134e-01 -1.374629986361249889e-01 2.392641410101629951e-01
1.374630123499560042e-01 9.611745912112990009e-01 2.392641332198950088e-01
-5.416095448710019911e-01 6.986978657932459980e-01 -4.674188627351160141e-01
-6.986978569142270334e-01 -5.416095507347370441e-01 -4.674188692130250011e-01
5.416095447797849571e-01 -6.986978649911610439e-01 -4.674188640397680117e-01
6.986978564425979643e-01 5.416095510267080471e-01 -4.674188695797020232e-01
7.643088323887590185e-01 -5.267605803321959712e-01 3.719614223822420018e-01
5.267605923380950239e-01 7.643088203410930426e-01 3.719614301354730035e-01
-7.643088321448919809e-01 5.267605805973739619e-01 3.719614225078030079e-01
-5.267605920946899500e-01 -7.643088203471259945e-01 3.719614304677800187e-01
5.298007625879600502e-01 -8.426717708539429585e-01 9.599707582574899811e-02
8.426717750301530030e-01 5.298007561360209561e-01 9.599707477434399339e-02
-5.298007622677299855e-01 8.426717710101959691e-01 9.599707622147500563e-02
-8.426717748602300384e-01 -5.298007564751320286e-01 9.599707439441600154e-02
-1.136626226998929956e-01 6.820442702411250169e-01 -7.224239902108959832e-01
-6.820442684357680418e-01 -1.136626306939129971e-01 -7.224239906576039871e-01
1.136626220095830059e-01 -6.820442709948010274e-01 -7.224239896079569512e-01
6.820442681422680398e-01 1.136626313454830034e-01 -7.224239908321840042e-01
-4.724129536124540008e-01 -2.928780099619149868e-01 8.312932530340330084e-01
2.928780082506379778e-01 -4.724129789009020031e-01 8.312932392658529679e-01
4.724129536167829824e-01 2.928780098202570237e-01 8.312932530814820531e-01
-2.928780082710890076e-01 4.724129789208399988e-01 8.312932392473180165e-01
-6.815366614289659619e-01 7.162511481767149801e-01 -1.499735705509349926e-01
-7.162511482083889769e-01 -6.815366611122389839e-01 -1.499735718389919870e-01
6.815366614886849694e-01 -7.162511478281740063e-01 -1.499735719441319948e-01
7.162511487469760407e-01 6.815366604853310140e-01 -1.499735721156920110e-01
-4.111620000000000221e-10 -3.534500000000000047e-10 -1.000000000000000000e+00
