3.475829929481740188e-01 1.047743753274200072e-02 -9.375906816494800067e-01
-1.044843231042999997e-02 3.475413388295680028e-01 -9.376064462591999771e-01
-3.475883242503650106e-01 -1.054468425593400004e-02 -9.375879513297760148e-01
1.050345139725000071e-02 -3.476258644517359886e-01 -9.375744961723999626e-01
9.573307194017840471e-01 -2.795455306609460067e-01 7.329522479092899501e-02
2.792652780970050208e-01 9.573927358606779681e-01 7.355306771717999570e-02
-9.573327979427019851e-01 2.795222469713080082e-01 7.335684992765799384e-02
-2.793186211851990119e-01 -9.573879317740050521e-01 7.341291407301600569e-02
-7.871671893657939956e-01 5.732997009752219819e-01 2.273659359879499908e-01
-5.733363431761839824e-01 -7.872178100650020216e-01 2.270981222067310068e-01
7.871672940978330368e-01 -5.732651718569340415e-01 2.274526188869580023e-01
5.733362238090280449e-01 7.872196475051730369e-01 2.270920541327600128e-01
8.754144003078599690e-02 -6.643396032978660104e-01 7.422865940911029803e-01
6.644912175004650257e-01 8.770025837726000417e-02 7.421321220276829722e-01
-8.759814514116799622e-02 6.643629253959659753e-01 7.422590304786740312e-01
-6.645059323545440266e-01 -8.760922266590200069e-02 7.421296988865859756e-01
-1.816923837692629995e-01 -8.781547886493810129e-01 4.425291457660199823e-01
8.781602753939730110e-01 -1.817083555225459945e-01 4.425116995665470121e-01
1.816540667785550012e-01 8.780986275111299921e-01 4.426563005152889807e-01
-8.781265673456279952e-01 1.817359847695640129e-01 4.425672418532820007e-01
-9.373102586228809763e-01 -9.637197978012000676e-02 3.349058383987489895e-01
9.651335193136299784e-02 -9.372637140491000274e-01 3.349953779171579993e-01
9.373004951773099558e-01 9.639308343894499587e-02 3.349270893873810273e-01
-9.654896152570900669e-02 9.372748525669619690e-01 3.349539502288140236e-01
6.982199685982890536e-01 3.858998527067800111e-01 6.029678093658820126e-01
-3.857350346567109955e-01 6.981396278667030275e-01 6.031662648395780257e-01
-6.982143849503560373e-01 -3.858272414942139905e-01 6.030207395847689833e-01
3.856905907758599872e-01 -6.981364886634909839e-01 6.031983184522150543e-01
5.405929738740300472e-01 2.295449389759779968e-01 -8.093629331693830142e-01
-2.294653457459809864e-01 5.404884516200070266e-01 -8.094553037488150249e-01
-5.405365790250229452e-01 -2.296360687376599874e-01 -8.093747479818219626e-01
2.295185798546189870e-01 -5.405852956723049552e-01 -8.093755368210769907e-01
6.153921863378619683e-01 -4.852729960302080148e-01 -6.211300800300779690e-01
4.851027017292889876e-01 6.156523572710850267e-01 -6.210052687067160182e-01
-6.153608818366660405e-01 4.852728172538799956e-01 -6.211612334488400000e-01
-4.851208201549380150e-01 -6.156487578076740297e-01 -6.209946834410640104e-01
-9.942985111717389524e-01 -1.234442933553200027e-02 -1.059154650938339964e-01
1.252122782760299938e-02 -9.942950131405450254e-01 -1.059275492850360045e-01
9.943010550792640290e-01 1.236201009035899946e-02 -1.058895300527299965e-01
-1.253132312139700055e-02 9.942957377422699805e-01 -1.059195536640099994e-01
-9.468687972383700302e-01 -2.736486166914169904e-01 -1.689849561328909955e-01
2.739601887516719958e-01 -9.468327363795400187e-01 -1.686819027020430017e-01
9.468665094508319502e-01 2.736532244816879955e-01 -1.689903133649179878e-01
-2.739245417323449838e-01 9.468150553098350075e-01 -1.688389661048640134e-01
6.219400443166620551e-01 -2.278261007971960073e-01 7.491901287863670378e-01
2.280411446430480049e-01 6.219530289472310347e-01 7.491139206644430448e-01
-6.218687837757510550e-01 2.279276507413030006e-01 7.492183939231730205e-01
-2.280693123455939941e-01 -6.220509027464079521e-01 7.490240738177820212e-01
3.186902091185970232e-01 -3.732047571372940076e-01 8.712948753791900369e-01
3.734469287977850160e-01 3.187930151534589807e-01 8.711534909881659683e-01
-3.186138148156050232e-01 3.732133552737800231e-01 8.713191312337490446e-01
-3.734592772106219982e-01 -3.188360477041229935e-01 8.711324485689500019e-01
-7.253448444401040529e-01 -5.833784392705929633e-01 -3.654373451610680168e-01
5.834139997771969899e-01 -7.253292955277540477e-01 -3.654114364838410012e-01
7.252797817453550122e-01 5.834837958704659489e-01 -3.653982733237829961e-01
-5.833921247532890542e-01 7.253109994085279455e-01 -3.654826711526070193e-01
7.988501001202420460e-01 2.765534752131910134e-01 -5.341878816347169767e-01
-2.763211000238460224e-01 7.989291542489269649e-01 -5.341899064683890419e-01
-7.988562438148369971e-01 -2.764297346415289791e-01 -5.342427383915150374e-01
2.763781623959860045e-01 -7.989867195495220509e-01 -5.340742769822479641e-01
-1.655803280066599908e-02 -2.668948307225060268e-01 9.635834062930810351e-01
2.668302911502349883e-01 -1.638255094060400013e-02 9.636042796445849490e-01
1.653848147754699918e-02 2.668112913367720052e-01 9.636068770227930180e-01
-2.668631318396489926e-01 1.629674868946399957e-02 9.635966401180979801e-01
7.918674186998999609e-01 -4.468810106099999763e-02 -6.090557977928789946e-01
4.472102275672300287e-02 7.918051577832859733e-01 -6.091343219942370046e-01
-7.918440172448509839e-01 4.475582334190499750e-02 -6.090812496133199971e-01
-4.466807762503700180e-02 -7.918746808520610303e-01 -6.090478246137409624e-01
-5.014900186250319525e-01 2.649233941720349761e-01 -8.236038832107539509e-01
-2.650157251746410036e-01 -5.015411753246239446e-01 -8.235430255087790030e-01
5.015064597172660399e-01 -2.649658918293070209e-01 -8.235802007266529445e-01
2.651012560640449989e-01 5.014467174048470310e-01 -8.235730165790819957e-01
5.190897246327009773e-01 8.329815031336940123e-01 -1.915402652652380133e-01
-8.329013394459019448e-01 5.191752038638209887e-01 -1.916571585988449955e-01
-5.192141628560780209e-01 -8.328964374095769729e-01 -1.915729042429969997e-01
8.329109462420289933e-01 -5.191589535692989754e-01 -1.916594285680709997e-01
2.476010675085870139e-01 8.831673837656099924e-01 -3.983830865149979861e-01
-8.830221512071290135e-01 2.477441033328119935e-01 -3.986160304620909867e-01
-2.476487149656710074e-01 -8.831495477116110271e-01 -3.983930099193869756e-01
8.830133705047159554e-01 -2.477001460740479999e-01 -3.986627962887889787e-01
4.002781614712230263e-01 -8.773584138260519527e-01 2.646121825197240152e-01
8.774613609332639896e-01 4.001867035422059793e-01 2.644090814952589907e-01
-4.002808250503689935e-01 8.773763047666489623e-01 2.645488252308370036e-01
-8.774602234313240157e-01 -4.001610292202429919e-01 2.644517101272880200e-01
-6.634905237222979979e-01 5.306664446881890207e-01 5.274215101915239456e-01
-5.308117236732889932e-01 -6.636157431101069593e-01 5.271176903760800281e-01
6.634675476431119989e-01 -5.306264333549319812e-01 5.274906647984010100e-01
5.307594133840529693e-01 6.636440365692739540e-01 5.271347435241360291e-01
5.994005115983830345e-01 -8.002870849197449843e-01 1.611236811441900049e-02
8.004755258120930250e-01 5.991536811630799875e-01 1.593106790471299911e-02
-5.993416576844360355e-01 8.003327975136209638e-01 1.603092598988700018e-02
-8.005017325412480123e-01 -5.991177989940089654e-01 1.596368150005100101e-02
-7.983662917000000373e-06 -5.156570105399999976e-05 -9.999999986386199913e-01
