-7.538286671970170216e-01 5.459519080612600384e-01 -3.656211900262870129e-01
5.459519080612580400e-01 -3.656211900262900105e-01 -7.538286671970170216e-01
7.538286671970160224e-01 -5.459519080612610376e-01 -3.656211900262880121e-01
-3.656211900262890113e-01 -7.538286671970170216e-01 5.459519080612590392e-01
-5.459519080612580400e-01 -3.656211900262880121e-01 7.538286671970180208e-01
-3.656211900262890113e-01 7.538286671970170216e-01 -5.459519080612590392e-01
-5.459519080612580400e-01 3.656211900262890113e-01 -7.538286671970170216e-01
3.656211900262870129e-01 7.538286671970170216e-01 5.459519080612600384e-01
5.459519080612590392e-01 3.656211900262890113e-01 7.538286671970170216e-01
3.656211900262870129e-01 -7.538286671970180208e-01 -5.459519080612590392e-01
-7.538286671970170216e-01 -5.459519080612610376e-01 3.656211900262880121e-01
7.538286671970160224e-01 5.459519080612610376e-01 3.656211900262870129e-01
7.001810193637300062e-01 -7.131510658477929754e-01 3.408954976125599945e-02
-7.131510658477939746e-01 3.408954976125400105e-02 7.001810193637290070e-01
-7.001810193637300062e-01 7.131510658477929754e-01 3.408954976125599945e-02
3.408954976125500025e-02 7.001810193637300062e-01 -7.131510658477929754e-01
7.131510658477929754e-01 3.408954976125400105e-02 -7.001810193637300062e-01
3.408954976125699865e-02 -7.001810193637290070e-01 7.131510658477939746e-01
7.131510658477939746e-01 -3.408954976125500025e-02 7.001810193637280078e-01
-3.408954976125599945e-02 -7.001810193637290070e-01 -7.131510658477939746e-01
-7.131510658477939746e-01 -3.408954976125400105e-02 -7.001810193637290070e-01
-3.408954976125699865e-02 7.001810193637290070e-01 7.131510658477939746e-01
7.001810193637300062e-01 7.131510658477929754e-01 -3.408954976125699865e-02
-7.001810193637290070e-01 -7.131510658477939746e-01 -3.408954976125699865e-02
2.762302182617920043e-01 7.705072072573600217e-02 -9.579979399532589923e-01
7.705072072573500297e-02 -9.579979399532579931e-01 2.762302182617930035e-01
-2.762302182617920043e-01 -7.705072072573400377e-02 -9.579979399532589923e-01
-9.579979399532589923e-01 2.762302182617910051e-01 7.705072072573800057e-02
-7.705072072573500297e-02 -9.579979399532589923e-01 -2.762302182617920043e-01
-9.579979399532579931e-01 -2.762302182617930035e-01 -7.705072072573600217e-02
-7.705072072573600217e-02 9.579979399532579931e-01 2.762302182617940027e-01
9.579979399532589923e-01 -2.762302182617900059e-01 7.705072072573700137e-02
7.705072072573400377e-02 9.579979399532589923e-01 -2.762302182617920043e-01
9.579979399532579931e-01 2.762302182617930035e-01 -7.705072072573800057e-02
2.762302182617930035e-01 -7.705072072573600217e-02 9.579979399532579931e-01
-2.762302182617910051e-01 7.705072072573500297e-02 9.579979399532589923e-01
4.518191025552429907e-01 -7.833559375218189791e-01 4.268641162190700000e-01
-7.833559375218179799e-01 4.268641162190709992e-01 4.518191025552429907e-01
-4.518191025552429907e-01 7.833559375218189791e-01 4.268641162190700000e-01
4.268641162190709992e-01 4.518191025552419915e-01 -7.833559375218189791e-01
7.833559375218179799e-01 4.268641162190700000e-01 -4.518191025552439899e-01
4.268641162190719984e-01 -4.518191025552419915e-01 7.833559375218179799e-01
7.833559375218189791e-01 -4.268641162190700000e-01 4.518191025552419915e-01
-4.268641162190719984e-01 -4.518191025552409923e-01 -7.833559375218189791e-01
-7.833559375218179799e-01 -4.268641162190700000e-01 -4.518191025552429907e-01
-4.268641162190719984e-01 4.518191025552409923e-01 7.833559375218189791e-01
4.518191025552429907e-01 7.833559375218179799e-01 -4.268641162190709992e-01
-4.518191025552419915e-01 -7.833559375218189791e-01 -4.268641162190709992e-01
-3.385843599592600062e-01 -9.332100372395270016e-01 1.203314488667839993e-01
-9.332100372395260024e-01 1.203314488667869969e-01 -3.385843599592600062e-01
3.385843599592610054e-01 9.332100372395260024e-01 1.203314488667859977e-01
1.203314488667849985e-01 -3.385843599592610054e-01 -9.332100372395260024e-01
9.332100372395260024e-01 1.203314488667889953e-01 3.385843599592600062e-01
1.203314488667849985e-01 3.385843599592610054e-01 9.332100372395260024e-01
9.332100372395260024e-01 -1.203314488667869969e-01 -3.385843599592620046e-01
-1.203314488667839993e-01 3.385843599592620046e-01 -9.332100372395260024e-01
-9.332100372395260024e-01 -1.203314488667869969e-01 3.385843599592610054e-01
-1.203314488667839993e-01 -3.385843599592620046e-01 9.332100372395260024e-01
-3.385843599592620046e-01 9.332100372395260024e-01 -1.203314488667839993e-01
3.385843599592610054e-01 -9.332100372395270016e-01 -1.203314488667830001e-01
