3.851977720800259797e-01 1.131931752420440029e-01 -9.158657005605179702e-01
9.070100070813229554e-01 -3.591961167172310065e-01 2.197976268971079949e-01
7.116698456005290385e-01 5.315289628736600269e-01 -4.593506204299400153e-01
4.884826623250380084e-01 4.583440675300720080e-01 -7.424994305505100423e-01
-9.703207433520459890e-01 -4.011113336678000241e-02 2.384717006287460084e-01
2.966805031472479759e-01 8.575645964582889746e-01 -4.201947666899569778e-01
3.085056612860609948e-01 -1.581831969671300062e-02 9.510909723661680193e-01
-4.807663641042029812e-01 -6.960817015560949450e-01 5.332297515187950365e-01
3.711674736555080067e-01 -4.289152694452709746e-01 8.235693037849810549e-01
1.412088320017740040e-01 -8.672315437740589772e-01 -4.774615327416000254e-01
-6.366781266323849886e-01 1.099818146582730027e-01 -7.632463321316059757e-01
9.909748252316299966e-02 7.071774172348209708e-01 7.000569901876979584e-01
9.850386635234499588e-02 -9.892744499300459848e-01 -1.078566225562690023e-01
-5.453823152160020005e-01 7.895957952764900423e-01 2.812411960067739969e-01
5.500436944623819935e-01 -8.331179125328519453e-01 -5.802135812851000329e-02
-2.400933788964219884e-01 7.778069640604979851e-01 5.808368928271430143e-01
-8.586343239985689824e-01 4.948183242829299888e-01 -1.337980702601979932e-01
2.321800000000000063e-11 2.298799999999999858e-11 -1.000000000000000000e+00
-1.131931751821800003e-01 3.851977720802070015e-01 -9.158657005678400020e-01
3.591961166846199816e-01 9.070100071054789659e-01 2.197976268507189912e-01
-5.315289629061650256e-01 7.116698455636739640e-01 -4.593506204494259837e-01
-4.583440674605129828e-01 4.884826623252360167e-01 -7.424994305933190208e-01
4.011113333884899768e-02 -9.703207433685580030e-01 2.384717005662569944e-01
-8.575645964157290191e-01 2.966805031405789772e-01 -4.201947667815260079e-01
1.581831974263700133e-02 3.085056613059309893e-01 9.510909723589590081e-01
6.960817015293310206e-01 -4.807663641155959788e-01 5.332297515434609725e-01
4.289152695054859743e-01 3.711674737115979728e-01 8.235693037283430273e-01
8.672315437924620340e-01 1.412088320250459994e-01 -4.774615327012909916e-01
-1.099818147208130037e-01 -6.366781266072899514e-01 -7.632463321435279946e-01
-7.071774173050690004e-01 9.909748256827999313e-02 7.000569901103490533e-01
9.892744499401210367e-01 9.850386625455599676e-02 -1.078566225531649991e-01
-7.895957952260129753e-01 -5.453823152678970443e-01 2.812411960478550244e-01
8.331179125947659747e-01 5.500436943715999449e-01 -5.802135810011700007e-02
-7.778069640547760066e-01 -2.400933789118419870e-01 5.808368928284319832e-01
-4.948183243096729855e-01 -8.586343239780710457e-01 -1.337980702928429910e-01
-3.851977720286829943e-01 -1.131931752146580067e-01 -9.158657005854969890e-01
-9.070100070961459870e-01 3.591961167134160027e-01 2.197976268421719948e-01
-7.116698456086599789e-01 -5.315289628856340043e-01 -4.593506204034870088e-01
-4.884826623788460220e-01 -4.583440674688950001e-01 -7.424994305528750393e-01
9.703207433541000126e-01 4.011113335289699655e-02 2.384717006227209946e-01
-2.966805031295869921e-01 -8.575645964257699871e-01 -4.201947667687950250e-01
-3.085056613503269762e-01 1.581831973210700085e-02 9.510909723447330544e-01
4.807663641069540028e-01 6.960817015584089829e-01 5.332297515132949917e-01
-3.711674737238029875e-01 4.289152694143649747e-01 8.235693037702980224e-01
-1.412088320554160115e-01 8.672315437936359839e-01 -4.774615326901759937e-01
6.366781266526140293e-01 -1.099818146495360055e-01 -7.632463321159900227e-01
-9.909748253891000058e-02 -7.071774173232739935e-01 7.000569900961159941e-01
-9.850386631717999997e-02 9.892744499360059951e-01 -1.078566225337160012e-01
5.453823152407359931e-01 -7.895957952547819625e-01 2.812411960197570004e-01
-5.500436944386439819e-01 8.331179125479309944e-01 -5.802135813703500344e-02
2.400933789290770060e-01 -7.778069640830790332e-01 5.808368927834069995e-01
8.586343240107929820e-01 -4.948183242658170111e-01 -1.337980702450440040e-01
1.131931752383689982e-01 -3.851977720560760265e-01 -9.158657005710449939e-01
-3.591961167110430120e-01 -9.070100071072639825e-01 2.197976268001710087e-01
5.315289628651109766e-01 -7.116698456060850386e-01 -4.593506204312249874e-01
4.583440674759630129e-01 -4.884826623377199750e-01 -7.424994305755679980e-01
-4.011113334033800104e-02 9.703207433518229452e-01 2.384717006341010026e-01
8.575645963968610008e-01 -2.966805031945520255e-01 -4.201947667819250221e-01
-1.581831974918899986e-02 -3.085056613753769938e-01 9.510909723363240031e-01
-6.960817015319310519e-01 4.807663641720419934e-01 5.332297514891749524e-01
-4.289152694385329756e-01 -3.711674736940340225e-01 8.235693037711270259e-01
-8.672315437935510518e-01 -1.412088320166590139e-01 -4.774615327017929789e-01
1.099818146819020043e-01 6.366781266983759791e-01 -7.632463320731529555e-01
7.071774172247939916e-01 -9.909748255026400166e-02 7.000569901939920348e-01
-9.892744499391550317e-01 -9.850386629529399307e-02 -1.078566225248139970e-01
7.895957952286050130e-01 5.453823152745560510e-01 2.812411960276650080e-01
-8.331179125753740422e-01 -5.500436944023480157e-01 -5.802135808706399694e-02
7.778069641040820104e-01 2.400933788774310129e-01 5.808368927766289769e-01
4.948183243490240080e-01 8.586343239601840205e-01 -1.337980702620999995e-01
