-6.749405204804369562e-01 7.256290520645010123e-01 1.338572844994639910e-01
9.672433446143000046e-02 -9.103273829899870551e-01 -4.024282034122290130e-01
9.069603159163579509e-01 1.351270221350530099e-01 3.989532218717040113e-01
-1.327587047580260082e-01 -3.076585240607330185e-01 9.421896618429550507e-01
-2.260558011275869972e-01 -9.588311747087040482e-01 -1.718765637988269868e-01
2.757382640198530188e-01 -1.806927335075380059e-01 -9.440966824498919774e-01
8.308816505135889763e-01 3.332786445281770149e-01 -4.456018715639279981e-01
-6.164713286127869729e-01 -2.675443371664000258e-01 7.405289519313720259e-01
4.302772932874360245e-01 -8.926444716153569825e-01 -1.343402329005700113e-01
-6.909871985230759961e-01 1.751093390532069971e-01 7.013368740153189673e-01
8.105170415355069657e-01 -3.814493375472149950e-01 4.444755654311269844e-01
-8.673444385462600326e-02 -7.060085178359239988e-01 -7.028720431147840175e-01
8.713208520567370385e-01 4.604578060039600240e-01 1.696425113618089953e-01
-6.007352667495490239e-01 3.032661185525090120e-01 -7.396937208206140202e-01
-8.991009470834190331e-01 -4.180812466398279859e-01 1.297133692484599976e-01
8.969270870795710282e-01 -1.880663273448429929e-01 -4.001910256139910027e-01
1.504949609669909982e-01 9.030721531392540413e-01 4.022585647913239915e-01
2.486017164026209925e-01 -2.242836122819530098e-01 9.422812997525900069e-01
8.425846747084230204e-01 -5.107563820855459680e-01 -1.708185707275000076e-01
2.600345004183369779e-01 2.093564899576839944e-01 -9.426303192157490241e-01
-5.880246157243400329e-02 8.945952131887460190e-01 -4.429917324880949803e-01
6.161176918013200332e-02 -6.712901087901590458e-01 7.386295280714080258e-01
9.823375360976139836e-01 1.337840147101790056e-01 -1.308235551485129877e-01
-3.822775825325759880e-01 -6.052438479001369664e-01 6.982433203920289655e-01
6.118392782163569743e-01 6.515716084972490441e-01 4.484497035699709921e-01
6.468653485695819993e-01 -2.984641292976519811e-01 -7.017723165974469879e-01
-1.692010168812820015e-01 9.704309127468180307e-01 1.721477838129719939e-01
-4.717254508623249798e-01 -4.752957036627900034e-01 -7.426769776211119556e-01
1.193697559557229948e-01 -9.846926044113469834e-01 1.270091972286679916e-01
4.572892122317290253e-01 7.961559905587139996e-01 -3.962602870260379939e-01
-8.136314363509790093e-01 4.209422727934989950e-01 4.010130780372200276e-01
2.871545553868710132e-01 1.641733239706600067e-01 9.437104328219509952e-01
7.466675770451549621e-01 6.440359890663980291e-01 -1.664487133527439988e-01
-1.157796447409060042e-01 3.149524646461049904e-01 -9.420191181058980012e-01
-8.675792121114660471e-01 2.219163150406650020e-01 -4.450387172267379898e-01
6.551400224339120060e-01 -1.511626316805080028e-01 7.402306463452570373e-01
1.767365123580469932e-01 9.760026717210610325e-01 -1.272123814448299917e-01
4.552846077010779813e-01 -5.527863541042300488e-01 6.979564260801880415e-01
-4.320239302197420028e-01 7.818380260588589925e-01 4.495382349988429893e-01
4.859612670925569922e-01 5.251632870762940053e-01 -6.986022965844149724e-01
-9.757586399688970014e-01 1.384318633541959942e-01 1.695042646493999938e-01
3.086023784018719907e-01 -5.931881528186310204e-01 -7.435673388472140433e-01
9.729796935790060441e-01 -1.911673832241179982e-01 1.294818422565369997e-01
-6.146246897809309884e-01 6.821777798642300050e-01 -3.960681347586599843e-01
-6.530289643965320190e-01 -6.449755112599789841e-01 3.969379819746680083e-01
-7.037890092249300678e-02 3.208780019654030036e-01 9.445020477265430037e-01
-3.812529252505449939e-01 9.096621317590369848e-01 -1.648059860305650104e-01
-3.323417963042339940e-01 -9.834857390798000532e-03 -9.431077382830540534e-01
-4.777466211688959907e-01 -7.551386761927889602e-01 -4.489139624465979805e-01
3.438775584320710177e-01 5.740395992766760269e-01 7.431196157208279640e-01
-8.732125444955479709e-01 4.700939413920299792e-01 -1.284972311068119932e-01
6.642168929664370447e-01 2.599873469743290144e-01 7.008726692568789662e-01
-8.784891093226410153e-01 -1.706738463406710093e-01 4.462368462787389967e-01
-3.470827166082119941e-01 6.266486359259689776e-01 -6.977428429758250061e-01
-4.337167959777130100e-01 -8.857449345235880456e-01 1.653652075033670010e-01
6.618616833629820118e-01 1.125121287996140029e-01 -7.411343555448629550e-01
4.820689451276740090e-01 8.658695321747410523e-01 1.337141929452020095e-01
-8.374660393934000302e-01 -3.724869462279710164e-01 -3.998801167256170186e-01
4.103552192662560105e-01 -8.216190506679299510e-01 3.956649208616699886e-01
-3.298995680158789967e-01 2.926988290883000138e-02 9.435621595726689792e-01
-9.824290346165529542e-01 -8.096425490319800189e-02 -1.681605820944880036e-01
-9.037042148768299754e-02 -3.161604362075779995e-01 -9.443917436621159789e-01
5.719599204934040504e-01 -6.863129715022709965e-01 -4.492620109656519922e-01
-4.420214769968209834e-01 5.021117496198079788e-01 7.433039787107850183e-01
-7.165157243440930523e-01 -6.847935061717610461e-01 -1.329024855773799918e-01
-4.421804362881599781e-02 7.098516256115680045e-01 7.029619009834420229e-01
-1.105565563628059939e-01 -8.896249757307139738e-01 4.431079444123339761e-01
-7.010281311842809782e-01 -1.342573855036489905e-01 -7.003816914554510387e-01
7.078411100140820089e-01 -6.867219567092810451e-01 1.654506486763019923e-01
9.986011140880300674e-02 6.665513378697569546e-01 -7.387403279457930294e-01
