-4.537343596016549796e-01 8.775124148310819994e-01 -1.552323830075379996e-01
1.354997983319400010e-02 -9.925910670452039453e-01 -1.207450689203650035e-01
-9.179844194520030420e-01 3.857808933609189750e-01 9.207446964832399772e-02
7.187069199770750316e-01 6.948571700507609750e-01 2.517690223428399945e-02
3.925023893986179790e-01 -5.015328276946620090e-01 7.709777539339069952e-01
-4.676878160994509814e-01 -6.793034171379730424e-01 -5.655218599990630146e-01
2.899280890159109947e-01 -5.139674526782049835e-01 -8.073284095007799976e-01
1.107899119136740024e-01 -9.693594974004350329e-01 2.192436092973659989e-01
6.639909037110029999e-01 -5.646528062108020496e-01 4.901869931233510114e-01
-4.289348413392530257e-01 -8.579054477344090213e-01 -2.828659481678429954e-01
-1.097653028948560039e-01 7.603734492829830049e-01 6.401435744470920230e-01
5.597897657651339509e-01 -1.455843236484309910e-01 8.157454399826240543e-01
-1.391862593757500072e-02 8.858352622614149574e-01 -4.637910736379700083e-01
-4.324147485916119971e-01 8.317920326228529504e-01 3.480510015293670212e-01
-8.589093634818939504e-01 2.475872583461810050e-01 4.483026375427089927e-01
3.374025686695760196e-01 -1.835962547693089919e-01 -9.232832295075299456e-01
2.547562642529729859e-01 1.245211377934330038e-01 9.589544994766430186e-01
7.531588260319800610e-02 6.630491437152340461e-01 -7.447773834148000427e-01
-4.280825508753169917e-01 7.559179494710589475e-01 -4.953114003367499740e-01
3.314100600000000069e-08 -3.149604999999999899e-09 -1.000000000000000000e+00
-8.775124441329670288e-01 -4.537343226436850174e-01 -1.552323253928210023e-01
9.925910627799839903e-01 1.354995965864000049e-02 -1.207451062468020003e-01
-3.857808285420240013e-01 -9.179844422032189533e-01 9.207451440151699640e-02
-6.948571203629210213e-01 7.187069671914390057e-01 2.517692577407799892e-02
5.015329150381709900e-01 3.925024408065799775e-01 7.709776709439719600e-01
6.793033591672880123e-01 -4.676878629032649726e-01 -5.655218909264390081e-01
5.139674525600490540e-01 2.899281298139880225e-01 -8.073283949245799729e-01
9.693595038158769883e-01 1.107898956368239957e-01 2.192435891573989992e-01
5.646528062232180067e-01 6.639909529354840467e-01 4.901869264312059826e-01
8.579054124312419649e-01 -4.289348368000829859e-01 -2.828660621221050220e-01
-7.603734647402049518e-01 -1.097653340854850001e-01 6.401435507384870549e-01
1.455843665029100120e-01 5.597897563619540495e-01 8.157454387872300483e-01
-8.858352672040129550e-01 -1.391864810790200031e-02 -4.637910635323230224e-01
-8.317920510461339623e-01 -4.324147582346349883e-01 3.480509455199740088e-01
-2.475872539038319886e-01 -8.589093446489139971e-01 4.483026760784870057e-01
1.835962604417959998e-01 3.374025361121160138e-01 -9.232832402772730429e-01
-1.245210707647709941e-01 2.547562421747759931e-01 9.589545140456779970e-01
-6.630491515617920051e-01 7.531587572699899313e-02 -7.447773771246429808e-01
-7.559179695341200489e-01 -4.280825648991429810e-01 -4.953113575972030169e-01
4.537343694635370128e-01 -8.775124205600970395e-01 -1.552323217963529900e-01
-1.354998156980800027e-02 9.925910595803529857e-01 -1.207451300906590003e-01
9.179844413221830424e-01 -3.857808553539149865e-01 9.207441084688500199e-02
-7.187069258400290428e-01 -6.948571646870690399e-01 2.517688290123000147e-02
-3.925024357975929745e-01 5.015328267082339586e-01 7.709777309540170043e-01
4.676878175517700242e-01 6.793034109770259565e-01 -5.655218661985049744e-01
-2.899281271478050259e-01 5.139674109910780109e-01 -8.073284223460079900e-01
-1.107899109554170008e-01 9.693595090479489862e-01 2.192435582835010055e-01
-6.639909213698500512e-01 5.646528127833330135e-01 4.901869616322819811e-01
4.289348262109349830e-01 8.579054399852760193e-01 -2.828659946106369949e-01
1.097652964988059948e-01 -7.603734622172679813e-01 6.401435601802569764e-01
-5.597897712692759820e-01 1.455843020279319888e-01 8.157454400640750114e-01
1.391857207054699938e-02 -8.858352884052610454e-01 -4.637910253201170119e-01
4.324147965842750074e-01 -8.317920131242200199e-01 3.480509885027450179e-01
8.589093771741159733e-01 -2.475873141408500011e-01 4.483025804954640092e-01
-3.374025312393599818e-01 1.835962309384429891e-01 -9.232832479247480295e-01
-2.547562316175669972e-01 -1.245210552940110016e-01 9.589545188592020208e-01
-7.531590040350999438e-02 -6.630491564542809746e-01 -7.447773702736110168e-01
4.280824800019499832e-01 -7.559180263238759467e-01 -4.953113443017400086e-01
8.775124292157280292e-01 4.537343505294810231e-01 -1.552323282100130097e-01
-9.925910615500930234e-01 -1.354993363668499998e-02 -1.207451192773460052e-01
3.857808326330470217e-01 9.179844457197009477e-01 9.207446220123199909e-02
6.948571762252689910e-01 -7.187069136504600220e-01 2.517691242537299992e-02
-5.015328361405390067e-01 -3.925024641932259861e-01 7.709777103620270022e-01
-6.793034347785169569e-01 4.676877874681910074e-01 -5.655218624873999955e-01
-5.139674314232339780e-01 -2.899281339547020164e-01 -8.073284068938409996e-01
-9.693595108242250014e-01 -1.107898474293790014e-01 2.192435825313779896e-01
-5.646528479604520090e-01 -6.639909169502390407e-01 4.901869270979499760e-01
-8.579054388831149902e-01 4.289348415620650168e-01 -2.828659746751019943e-01
7.603734961490640210e-01 1.097652466816790018e-01 6.401435284176190121e-01
-1.455843213038819917e-01 -5.597897159643979714e-01 8.157454745758550008e-01
8.858352741060500080e-01 1.391861500696300012e-02 -4.637910513428930015e-01
8.317920304012249577e-01 4.324147739876070262e-01 3.480509752870329931e-01
2.475872166953559939e-01 8.589093807938750214e-01 4.483026273772329762e-01
-1.835962430012720026e-01 -3.374025242661399804e-01 -9.232832480743139447e-01
1.245210832287169944e-01 -2.547561547565579954e-01 9.589545356507780394e-01
6.630491618077249960e-01 -7.531588415811399373e-02 -7.447773671504489545e-01
7.559179885597320236e-01 4.280825445722180045e-01 -4.953113461292639741e-01
