2.767901292869219820e-01 -2.352564669166030131e-01 9.316875115097590365e-01
1.988867806345009925e-01 3.605486031395280233e-01 9.112896099830060104e-01
-2.588713390623729738e-01 2.042300774414090025e-01 9.440739935409350192e-01
-2.002829139273100134e-01 -2.283461619503540097e-01 9.527564141538640285e-01
-8.835451666675250282e-01 -4.142776966390410154e-01 -2.184534928214829919e-01
3.977500579085589960e-01 -9.016195359986890479e-01 -1.699326447132699924e-01
8.765394870692819751e-01 4.343921041923269888e-01 -2.073210732744829865e-01
-4.117423575176250017e-01 8.848959788397899873e-01 -2.177781845341660028e-01
5.011140938672039580e-01 3.778689327520590169e-01 7.785240745079570202e-01
-3.942388477903859823e-01 4.736871338809520160e-01 7.875253837741089669e-01
-4.953642920021359974e-01 -4.064298087406120197e-01 7.677428142133879696e-01
3.701865838021720090e-01 -5.593062709682520284e-01 7.417131443007229930e-01
4.117423575179610107e-01 -8.848959788392529724e-01 2.177781845357150137e-01
8.835451666683969973e-01 4.142776966391569782e-01 2.184534928177369884e-01
-3.977500579105899825e-01 9.016195359972180023e-01 1.699326447163239939e-01
-8.765394870698780538e-01 -4.343921041912779946e-01 2.073210732741599949e-01
-6.910143013156500036e-01 -7.028152268879870324e-01 -1.689674294993920023e-01
6.844003444601269859e-01 -7.144410442516540005e-01 -1.454997003140039991e-01
6.607104894827650066e-01 7.313577150350629719e-01 -1.690489329931909868e-01
-7.736112879563089573e-01 6.152223578577780128e-01 -1.517465832844279994e-01
6.836297846860219796e-01 -2.199673313208400094e-01 -6.958912922588780248e-01
2.565740995035259986e-01 6.814727910714180048e-01 -6.853937309994060367e-01
-6.444745096378919902e-01 3.540622279855339949e-01 -6.777112549905880412e-01
-2.205350804161410050e-01 -7.315477541408590412e-01 -6.451373200469120439e-01
3.942388477920409917e-01 -4.736871338825219824e-01 -7.875253837723360517e-01
4.953642920009679873e-01 4.064298087412849814e-01 -7.677428142137849854e-01
-3.701865838024390176e-01 5.593062709700029611e-01 -7.417131442992700441e-01
-5.011140938646400089e-01 -3.778689327522389840e-01 -7.785240745095199921e-01
-4.885748739685339959e-01 -6.884557978443999783e-03 -8.724948110952139846e-01
5.554204872744399751e-02 -5.841317202499910488e-01 -8.097562684048490445e-01
5.268121074647910129e-01 4.970781961767099799e-02 -8.485270391079839936e-01
4.245864108124999640e-03 4.886546223943000200e-01 -8.724669808369019952e-01
-7.103173615146129993e-01 -4.795309146254009836e-01 5.152662882912529829e-01
5.214043844765620106e-01 -7.280391654517229805e-01 4.450802640164759905e-01
7.380993553888519632e-01 4.078032732059310161e-01 5.374996111041300262e-01
-4.960579912625540100e-01 6.996701137033649598e-01 5.141869322482639504e-01
-9.732208093073270172e-01 1.942607517895710012e-01 -1.228983996858520056e-01
-3.762035726666049795e-01 -9.088659640035350318e-01 -1.800931186603390022e-01
9.144779003707620424e-01 -3.686579885340490192e-01 -1.667976535311929964e-01
2.874621878541300246e-01 9.468179143405529574e-01 -1.445729146068610027e-01
-9.890066992933399526e-02 9.950970592800399972e-01 7.071773083110000167e-04
-9.860682014252020178e-01 -1.613285617797790006e-01 4.052896855502999968e-02
9.890066992737099605e-02 -9.950970592802359516e-01 -7.071773075219999665e-04
9.860682014253799865e-01 1.613285617778719983e-01 -4.052896855829699746e-02
8.152324408482649609e-01 1.318323811749279872e-01 -5.639293312661870505e-01
-1.136445670803390012e-01 7.872516056155810515e-01 -6.060691559787639848e-01
-7.605044417053099526e-01 -1.056987489052100063e-02 -6.492466957107240200e-01
1.798482279122410044e-01 -8.324827854052400111e-01 -5.240486875479799522e-01
-9.276898918095100033e-01 -4.724128948218799667e-02 -3.703508136922610272e-01
-6.227375977374499660e-02 -9.444346856864089812e-01 -3.227461902425129980e-01
9.398402607408959941e-01 -4.456984180221600089e-02 -3.386942773242699878e-01
-8.242738781549999519e-03 9.340870594601500265e-01 -3.569501682398659725e-01
-2.874621878541229747e-01 -9.468179143395799580e-01 1.445729146132430087e-01
9.732208093070030541e-01 -1.942607517949339890e-01 1.228983996799320050e-01
3.762035726640969857e-01 9.088659640033309728e-01 1.800931186666110129e-01
-9.144779003729059941e-01 3.686579885319570260e-01 1.667976535240600078e-01
-1.988867806309869979e-01 -3.605486031400649827e-01 -9.112896099835600117e-01
2.588713390641120271e-01 -2.042300774442540046e-01 -9.440739935398430038e-01
2.002829139245269896e-01 2.283461619513519891e-01 -9.527564141542089748e-01
-2.767901292844009986e-01 2.352564669207659886e-01 -9.316875115094559456e-01
4.960579912585950102e-01 -6.996701137077699917e-01 -5.141869322460890235e-01
7.103173615128359764e-01 4.795309146287610180e-01 -5.152662882905759689e-01
-5.214043844766950153e-01 7.280391654524529521e-01 -4.450802640151260148e-01
-7.380993553844990007e-01 -4.078032732091310120e-01 -5.374996111076789651e-01
-8.152324408494460162e-01 -1.318323811707119986e-01 5.639293312654659607e-01
1.136445670801830010e-01 -7.872516056137169871e-01 6.060691559812150242e-01
7.605044417099350307e-01 1.056987488986400013e-02 6.492466957053170118e-01
-1.798482279168389930e-01 8.324827854024680063e-01 5.240486875508060249e-01
6.444745096387339833e-01 -3.540622279858040011e-01 6.777112549896470162e-01
2.205350804135179921e-01 7.315477541423700547e-01 6.451373200460950308e-01
-6.836297846853429672e-01 2.199673313253119877e-01 6.958912922581319549e-01
-2.565740995009430092e-01 -6.814727910693789692e-01 6.853937310023999752e-01
8.242738783470000136e-03 -9.340870594594580245e-01 3.569501682416340027e-01
9.276898918126019744e-01 4.724128947913300292e-02 3.703508136849070209e-01
6.227375976878800345e-02 9.444346856860159622e-01 3.227461902446169817e-01
-9.398402607419310550e-01 4.456984180195999734e-02 3.386942773214329794e-01
-6.844003444607159592e-01 7.144410442513049464e-01 1.454997003129530064e-01
-6.607104894826709707e-01 -7.313577150342459587e-01 1.690489329970960020e-01
7.736112879557429656e-01 -6.152223578588770225e-01 1.517465832828550076e-01
6.910143013134310008e-01 7.028152268893189669e-01 1.689674295029260087e-01
8.235860235780979588e-01 -3.946345889044379773e-01 4.073936707989480044e-01
4.940686203583030123e-01 7.088396084166289635e-01 5.034308372726119529e-01
-7.588751305010500436e-01 4.506058872740210108e-01 4.701732347348219765e-01
-4.314990726013570033e-01 -7.879350487114470392e-01 4.392799897061759884e-01
4.885748739746180180e-01 6.884557979145999873e-03 8.724948110918010480e-01
-5.554204872563400092e-02 5.841317202474439751e-01 8.097562684068100314e-01
-5.268121074675800042e-01 -4.970781961590400172e-02 8.485270391063559625e-01
-4.245864106237000335e-03 -4.886546223892350160e-01 8.724669808397480519e-01
-4.940686203577400182e-01 -7.088396084202139846e-01 -5.034308372681179922e-01
7.588751304965180022e-01 -4.506058872758780254e-01 -4.701732347403579926e-01
4.314990726012259969e-01 7.879350487142150472e-01 -4.392799897013400234e-01
-8.235860235777540117e-01 3.946345889034439947e-01 -4.073936708006050122e-01
-5.223814787874000304e-02 -5.618483004750599724e-02 -9.970528776242170155e-01
5.223814788153800098e-02 5.618483004769000283e-02 9.970528776240600299e-01
