7.044026423370209899e-01 6.752598963332689941e-01 -2.187258326595339919e-01
-7.044026423370209899e-01 6.752598963332689941e-01 2.187258326595339919e-01
7.044058193927820177e-01 -6.752612202358220239e-01 2.187115133028260106e-01
-7.044058193927820177e-01 -6.752612202358220239e-01 -2.187115133028260106e-01
-4.365051989963940060e-01 -6.460493259063899707e-01 6.261656967169449972e-01
4.365051989963940060e-01 -6.460493259063899707e-01 -6.261656967169449972e-01
-4.365174840022300051e-01 6.460516393875179730e-01 -6.261547455741780510e-01
4.365174840022300051e-01 6.460516393875179730e-01 6.261547455741780510e-01
-3.019667827618300118e-02 -5.500873160570179943e-01 -8.345610255303510527e-01
3.019667827618300118e-02 -5.500873160570179943e-01 8.345610255303510527e-01
-3.017354818132200051e-02 5.500907613187949741e-01 8.345595912227340429e-01
3.017354818132200051e-02 5.500907613187949741e-01 -8.345595912227340429e-01
6.967275791471569946e-01 6.968777286836399520e-01 1.700944200156900010e-01
-6.967275791471569946e-01 6.968777286836399520e-01 -1.700944200156900010e-01
6.967227256081720554e-01 -6.968789913913260303e-01 -1.701091266761650123e-01
-6.967227256081720554e-01 -6.968789913913260303e-01 1.701091266761650123e-01
-7.256352187870730441e-01 -4.815007837272070046e-01 4.915389349033519872e-01
7.256352187870730441e-01 -4.815007837272070046e-01 -4.915389349033519872e-01
-7.256447263692750171e-01 4.815001428892110025e-01 -4.915255267940100148e-01
7.256447263692750171e-01 4.815001428892110025e-01 4.915255267940100148e-01
1.768273358921519933e-01 8.559441506059489724e-01 4.858926880749950272e-01
-1.768273358921519933e-01 8.559441506059489724e-01 -4.858926880749950272e-01
1.768189039459109879e-01 -8.559427855373730187e-01 -4.858981612374029813e-01
-1.768189039459109879e-01 -8.559427855373730187e-01 4.858981612374029813e-01
9.206153704129890203e-01 1.606961120655300140e-02 -3.901398561477990024e-01
-9.206153704129890203e-01 1.606961120655300140e-02 3.901398561477990024e-01
9.206261243582890552e-01 -1.607303644077799978e-02 3.901143379172449799e-01
-9.206261243582890552e-01 -1.607303644077799978e-02 -3.901143379172449799e-01
-3.308849577936719966e-01 -4.158293392501740127e-01 8.471133957886890498e-01
3.308849577936719966e-01 -4.158293392501740127e-01 -8.471133957886890498e-01
-3.309075593481730082e-01 4.158272763952109985e-01 -8.471055798257830505e-01
3.309075593481730082e-01 4.158272763952109985e-01 8.471055798257830505e-01
-5.122677998299749458e-01 -2.881913498103700136e-02 8.583420988838319499e-01
5.122677998299749458e-01 -2.881913498103700136e-02 -8.583420988838319499e-01
-5.122878162838400140e-01 2.882069673791999923e-02 -8.583301000935920078e-01
5.122878162838400140e-01 2.882069673791999923e-02 8.583301000935920078e-01
-3.440750205700769948e-01 -9.243597812006799641e-01 -1.648374202610969896e-01
3.440750205700769948e-01 -9.243597812006799641e-01 1.648374202610969896e-01
-3.440728023394030166e-01 9.243594761136719740e-01 1.648437612079050041e-01
3.440728023394030166e-01 9.243594761136719740e-01 -1.648437612079050041e-01
2.625672258300160156e-01 2.825919144356339729e-01 -9.226051494629400329e-01
-2.625672258300160156e-01 2.825919144356339729e-01 9.226051494629400329e-01
2.625886129145449943e-01 -2.825857015218150026e-01 9.226009655658500286e-01
-2.625886129145449943e-01 -2.825857015218150026e-01 -9.226009655658500286e-01
-4.216724987771269806e-01 -8.848223209402580336e-01 1.981962768089990112e-01
4.216724987771269806e-01 -8.848223209402580336e-01 -1.981962768089990112e-01
-4.216776868348989793e-01 8.848218888470990029e-01 -1.981871677042220115e-01
4.216776868348989793e-01 8.848218888470990029e-01 1.981871677042220115e-01
-4.856772298550149913e-01 -7.225271986148490422e-01 -4.920082069052689744e-01
4.856772298550149913e-01 -7.225271986148490422e-01 4.920082069052689744e-01
-4.856685966261720111e-01 7.225265108253999813e-01 4.920177389135870216e-01
4.856685966261720111e-01 7.225265108253999813e-01 -4.920177389135870216e-01
7.237124671782310115e-01 -1.569787079116249928e-01 -6.720103794683489618e-01
-7.237124671782310115e-01 -1.569787079116249928e-01 6.720103794683489618e-01
7.237307641673870195e-01 1.569755718007679879e-01 6.719914068315989697e-01
-7.237307641673870195e-01 1.569755718007679879e-01 -6.719914068315989697e-01
1.292100066563159899e-01 1.251431009401219874e-01 9.836889642905249920e-01
-1.292100066563159899e-01 1.251431009401219874e-01 -9.836889642905249920e-01
1.291912664367259878e-01 -1.251406243667609886e-01 -9.836917407448190209e-01
-1.291912664367259878e-01 -1.251406243667609886e-01 9.836917407448190209e-01
-2.707011432794900058e-02 -9.804717406682990077e-01 -1.947880249428819988e-01
2.707011432794900058e-02 -9.804717406682990077e-01 1.947880249428819988e-01
-2.706700718618499854e-02 9.804717962161010325e-01 1.947881771226279979e-01
2.706700718618499854e-02 9.804717962161010325e-01 -1.947881771226279979e-01
9.021472527523880514e-01 -3.933818632821449723e-01 1.771469559207480005e-01
-9.021472527523880514e-01 -3.933818632821449723e-01 -1.771469559207480005e-01
9.021446136824490258e-01 3.933795294383379826e-01 -1.771655774201570110e-01
-9.021446136824490258e-01 3.933795294383379826e-01 1.771655774201570110e-01
7.735751090525769813e-01 -3.103501204945040004e-01 5.525073333118220020e-01
-7.735751090525769813e-01 -3.103501204945040004e-01 -5.525073333118220020e-01
7.735642385650719488e-01 3.103499228032040036e-01 -5.525226639960439945e-01
-7.735642385650719488e-01 3.103499228032040036e-01 5.525226639960439945e-01
9.216344184342499801e-01 3.344386906148320016e-01 1.968267283099489895e-01
-9.216344184342499801e-01 3.344386906148320016e-01 -1.968267283099489895e-01
9.216305777918599729e-01 -3.344389373668509857e-01 -1.968442918958379917e-01
-9.216305777918599729e-01 -3.344389373668509857e-01 1.968442918958379917e-01
1.664515941080119965e-01 7.676773895407880133e-01 -6.188418961307839972e-01
-1.664515941080119965e-01 7.676773895407880133e-01 6.188418961307839972e-01
1.664611779139170133e-01 -7.676776382479479910e-01 6.188390097445090055e-01
-1.664611779139170133e-01 -7.676776382479479910e-01 -6.188390097445090055e-01
-5.335867895787910209e-01 -4.164910199898130272e-01 -7.360844844546340360e-01
5.335867895787910209e-01 -4.164910199898130272e-01 7.360844844546340360e-01
-5.335716731081170394e-01 4.164893761876700129e-01 7.360963722091079520e-01
5.335716731081170394e-01 4.164893761876700129e-01 -7.360963722091079520e-01
-9.999999999114449478e-01 5.168109600000000217e-07 1.329823752300000070e-05
9.999999999114449478e-01 5.168109600000000217e-07 -1.329823752300000070e-05
