9.567950992726920179e-01 -2.905184717856280074e-01 -1.192290061612900041e-02
-2.133150055389229915e-01 -9.164086825419860416e-01 -3.386618298149229878e-01
-1.337119530062780004e-01 -4.111455256090070232e-01 9.017097484196010537e-01
7.290548724176839634e-01 -3.320988574899069734e-01 -5.984892161584309811e-01
4.167779984312289798e-01 -5.673437007508630447e-01 -7.102233629232249656e-01
3.468686928934839875e-01 -8.839198207848699695e-01 -3.136365098549759867e-01
4.018870000000000206e-10 -5.726550000000000248e-10 1.000000000000000000e+00
1.084499999999999977e-10 -9.023699999999999558e-10 -1.000000000000000000e+00
-9.567950992283400513e-01 -2.905184719223860013e-01 1.192290084305199990e-02
2.133150053067759955e-01 -9.164086823761240508e-01 3.386618304099630050e-01
1.337119529174539967e-01 -4.111455259821549801e-01 -9.017097482626309501e-01
-7.290548725745810144e-01 -3.320988569591650230e-01 5.984892162618119515e-01
-4.167779986674710058e-01 -5.673437002428890485e-01 7.102233631903730471e-01
-3.468686932713910265e-01 -8.839198205357979843e-01 3.136365101389820276e-01
-7.299939263900360187e-01 6.833496263788290115e-01 1.192290071979799915e-02
-6.869756967299629480e-01 -6.429405544164560338e-01 3.386618307235739755e-01
-2.892064934905709817e-01 -3.213707112535830190e-01 -9.017097482401169595e-01
-6.521334830115439463e-01 4.653306118275790104e-01 5.984892163033540546e-01
-6.997230563387329960e-01 7.726848438776100225e-02 7.102233632797509966e-01
-9.389313663220499873e-01 -1.415628094886419996e-01 3.136365098426689979e-01
7.299939266218860023e-01 6.833496261277659523e-01 -1.192290091389800084e-02
6.869756964900429752e-01 -6.429405548479200094e-01 -3.386618303911300143e-01
2.892064935827169947e-01 -3.213707109769530224e-01 9.017097483091539578e-01
6.521334830395190130e-01 4.653306117417809751e-01 -5.984892163395799658e-01
6.997230564367710182e-01 7.726848426540899872e-02 -7.102233631964729454e-01
9.389313661789490117e-01 -1.415628100710649984e-01 -3.136365100081899837e-01
2.268011732551900028e-01 -9.738680979805950377e-01 -1.192290005523699917e-02
-9.002907020661989890e-01 -2.734681276961439811e-01 -3.386618297173680237e-01
-4.229184459459390255e-01 -8.977481425127199766e-02 9.017097486468810263e-01
7.692138866225499416e-02 -7.974294691935229773e-01 -5.984892159663419697e-01
-2.829450585915699867e-01 -6.446121849419440553e-01 -7.102233626423349877e-01
-5.920626732894780364e-01 -7.423570102055330189e-01 -3.136365098262929862e-01
2.268011733504939897e-01 9.738680979557780004e-01 1.192290026946199975e-02
-9.002907015244949740e-01 2.734681283293259879e-01 3.386618306461289807e-01
-4.229184461335970258e-01 8.977481418928699719e-02 -9.017097485650370503e-01
7.692138898146200221e-02 7.974294690612659942e-01 5.984892161015350487e-01
-2.829450580898730250e-01 6.446121847063129850e-01 7.102233630560690347e-01
-5.920626723566140281e-01 7.423570110163949520e-01 3.136365096680380216e-01
-2.268011730684179883e-01 -9.738680980175220547e-01 1.192290059185100067e-02
9.002907020685629869e-01 -2.734681275574339931e-01 3.386618298230930080e-01
4.229184462900399954e-01 -8.977481479748999904e-02 -9.017097484311099587e-01
-7.692138907890300192e-02 -7.974294689279429749e-01 5.984892162666509696e-01
2.829450583188879986e-01 -6.446121847259169702e-01 7.102233629470390275e-01
5.920626731906629692e-01 -7.423570102155540029e-01 3.136365099891110231e-01
-2.268011729898500028e-01 9.738680980332290460e-01 -1.192290080346600049e-02
9.002907016148989916e-01 2.734681279350880123e-01 -3.386618307241470172e-01
4.229184465024800055e-01 8.977481461746200653e-02 9.017097483493949905e-01
-7.692138913040100223e-02 7.974294688194469849e-01 -5.984892164045939600e-01
2.829450580206099852e-01 6.446121844018940505e-01 -7.102233633599589480e-01
5.920626724652769957e-01 7.423570108489819797e-01 -3.136365098591650247e-01
-7.299939258773110451e-01 -6.833496269400789469e-01 -1.192289994449199919e-02
-6.869756969772510269e-01 6.429405545073240136e-01 -3.386618300494380063e-01
-2.892064924824669925e-01 3.213707109053249855e-01 9.017097486875670365e-01
-6.521334838363369579e-01 -4.653306110265150175e-01 -5.984892160274669637e-01
-6.997230568994570188e-01 -7.726848367365900250e-02 -7.102233628050069747e-01
-9.389313662843470354e-01 1.415628100953670032e-01 -3.136365096816899900e-01
9.567950995655200019e-01 2.905184708458439791e-01 1.192290001630800025e-02
-2.133150046378750053e-01 9.164086826613420111e-01 3.386618300594960163e-01
-1.337119533509640024e-01 4.111455248047299893e-01 -9.017097487352090379e-01
7.290548722064870146e-01 3.320988580474150131e-01 5.984892161063439797e-01
4.167779982338100098e-01 5.673437010339910103e-01 7.102233628129049903e-01
3.468686936950050037e-01 8.839198205891299898e-01 3.136365095201800179e-01
7.299939259857050056e-01 -6.833496268208709701e-01 1.192290014023199979e-02
6.869756969157280180e-01 6.429405547334450244e-01 3.386618297449520143e-01
2.892064926629839827e-01 3.213707105474529757e-01 -9.017097487572159897e-01
6.521334837107130022e-01 -4.653306111597260153e-01 5.984892160607789835e-01
6.997230569723690285e-01 -7.726848377117100097e-02 7.102233627225640333e-01
9.389313661910729802e-01 1.415628104097010065e-01 3.136365098190460055e-01
-9.567950994685610056e-01 2.905184711559389843e-01 -1.192290024120799992e-02
2.133150046725169890e-01 9.164086824439989787e-01 -3.386618306257990207e-01
1.337119533758349965e-01 4.111455251403249855e-01 9.017097485785019462e-01
-7.290548722517650182e-01 3.320988577592750013e-01 -5.984892162110759806e-01
-4.167779982931060223e-01 5.673437006576980135e-01 -7.102233630787010421e-01
-3.468686938134020181e-01 8.839198204314130392e-01 -3.136365098337309809e-01
