4.178762847724170060e-01 -8.054090858363579519e-01 4.203517753941860002e-01
-4.178762847750380205e-01 8.054090858330750224e-01 4.203517753978709970e-01
-5.867077799649009773e-01 -1.643437097005830128e-01 -7.929471142582640297e-01
5.867077799625040058e-01 1.643437096941730013e-01 -7.929471142613659929e-01
9.384177490870240224e-01 3.432397200978830054e-01 -3.947939646918399714e-02
-9.384177490806340227e-01 -3.432397201151780042e-01 -3.947939647069900054e-02
-6.803278983010500047e-01 7.200887596909739674e-01 -1.364775767662629868e-01
6.803278983156549886e-01 -7.200887596768169585e-01 -1.364775767681550012e-01
-6.438168773870880379e-01 7.025409287184639640e-01 3.032096170423009829e-01
6.438168773887580354e-01 -7.025409287174100292e-01 3.032096170411959779e-01
-3.872959594116440196e-01 -1.867436259899999951e-01 9.028447585136230025e-01
3.872959594028639874e-01 1.867436259771829976e-01 9.028447585200399805e-01
5.359803825605220506e-01 -7.841622787598499789e-02 8.405807068425840134e-01
-5.359803825638359553e-01 7.841622786539499679e-02 8.405807068414590244e-01
7.282400248090400430e-01 6.842853490743080469e-01 3.768324970568000254e-02
-7.282400247852609532e-01 -6.842853490994520449e-01 3.768324970864699724e-02
-3.382625271147889912e-01 6.886251568876140539e-01 -6.413843278810490434e-01
3.382625271048180227e-01 -6.886251568791790234e-01 -6.413843278953650362e-01
6.036300982463950193e-01 -4.094991272944529803e-01 6.840622553804069916e-01
-6.036300982488590483e-01 4.094991272869690224e-01 6.840622553827130359e-01
-6.219501127467540469e-01 -7.288865617019969489e-01 -2.861860189187109826e-01
6.219501127510189686e-01 7.288865617022559640e-01 -2.861860189087829798e-01
8.386895587186909973e-01 -2.545270749608880001e-01 4.814725248735399754e-01
-8.386895587190760226e-01 2.545270749706369795e-01 4.814725248677160230e-01
2.698174589536920243e-01 -3.324943042361520051e-01 -9.036847218440120511e-01
-2.698174589588619998e-01 3.324943042599149967e-01 -9.036847218337259457e-01
-8.565887024410629991e-01 4.583664855651399805e-01 2.369724873503240015e-01
8.565887024390790305e-01 -4.583664855641910174e-01 2.369724873593279935e-01
9.152371488439999675e-03 -5.124908635777269961e-01 8.586439010704569608e-01
-9.152371485103999796e-03 5.124908635672570378e-01 8.586439010767420443e-01
4.250054390144499677e-02 9.405144607062370099e-01 -3.370849343571090118e-01
-4.250054388689600282e-02 -9.405144607039760407e-01 -3.370849343652529972e-01
4.837390832809999874e-02 -6.467528819943549889e-01 -7.611640260975689465e-01
-4.837390832944200164e-02 6.467528820034970094e-01 -7.611640260897160060e-01
8.249761527816730222e-01 4.901271977177010242e-01 2.814066051089479936e-01
-8.249761527872629951e-01 -4.901271977205670094e-01 2.814066050875699831e-01
7.794250946587280016e-01 9.014133535611100478e-02 6.199766620417660468e-01
-7.794250946654710521e-01 -9.014133535136199804e-02 6.199766620339790535e-01
6.094285721690669844e-01 -6.155340437260500286e-01 -4.997145749707819773e-01
-6.094285721752109586e-01 6.155340437209849691e-01 -4.997145749695279804e-01
-2.368981902350859869e-01 -9.693083433811000571e-02 -9.666869507849259469e-01
2.368981902349079904e-01 9.693083434956099864e-02 -9.666869507838220521e-01
7.070758370472500498e-02 9.914548859558369731e-01 1.096250278035900000e-01
-7.070758370232099743e-02 -9.914548859555140092e-01 1.096250278080630053e-01
-2.955233357381960024e-01 -4.671722972844840061e-01 8.333162681023980056e-01
2.955233357405929739e-01 4.671722972783790007e-01 8.333162681049699483e-01
9.151048544886579705e-01 2.389256984701529918e-01 -3.248039653419310113e-01
-9.151048544937380180e-01 -2.389256984581099863e-01 -3.248039653364759860e-01
3.251022051167180016e-01 8.434651401949320171e-01 -4.276389990449789846e-01
-3.251022051052350204e-01 -8.434651401978390250e-01 -4.276389990479739778e-01
-2.438531749548729921e-01 -6.445277930328460192e-01 -7.246513320712499873e-01
2.438531749501919865e-01 6.445277930349749829e-01 -7.246513320709320194e-01
7.447279070389269950e-01 -3.533077126242529786e-01 -5.661748887734590063e-01
-7.447279070365869780e-01 3.533077126156690118e-01 -5.661748887818920384e-01
-8.268508239674700333e-02 -2.720880285972079871e-01 -9.587133470663320445e-01
8.268508238549300560e-02 2.720880285982070212e-01 -9.587133470670180513e-01
-2.326945018823469991e-01 9.033614118028160389e-01 -3.602657747543470124e-01
2.326945018953260058e-01 -9.033614117988779668e-01 -3.602657747558389856e-01
-8.802729374867269696e-01 4.562715805957149873e-01 -1.301376204991309959e-01
8.802729374955859942e-01 -4.562715805796579982e-01 -1.301376204955090043e-01
-4.460337630889589788e-01 8.913241080950859985e-01 -8.121093838395200548e-02
4.460337631035959927e-01 -8.913241080876519451e-01 -8.121093838515100471e-02
-9.456507248141590161e-01 1.585414488595059956e-01 -2.839177973498380192e-01
9.456507248144040423e-01 -1.585414488437789926e-01 -2.839177973578049796e-01
3.594537323712139743e-01 9.328680307037700015e-01 -2.345744178876599945e-02
-3.594537323578340104e-01 -9.328680307086080203e-01 -2.345744180138999851e-02
-8.012525602586889617e-01 -1.900413706748000156e-02 -5.980243953662890410e-01
8.012525602538800307e-01 1.900413706361700136e-02 -5.980243953728560102e-01
3.656735013796559852e-01 -5.541858199211969760e-01 7.477706649682199780e-01
-3.656735013838000037e-01 5.541858199177670530e-01 7.477706649687350104e-01
-1.685998333233350022e-01 -8.409095418855440096e-01 5.142423928160619884e-01
1.685998333150139916e-01 8.409095418923490106e-01 5.142423928076610418e-01
-6.969160617176149985e-01 -3.938928688490350161e-01 5.992965966780450238e-01
6.969160617033010041e-01 3.938928688536090239e-01 5.992965966916830034e-01
9.945755288328990140e-01 -8.785520511029000501e-02 5.568644702069400210e-02
-9.945755288335760280e-01 8.785520510597999433e-02 5.568644701539399861e-02
8.485429972612000549e-02 -8.063043936501389508e-01 5.853827573463979972e-01
-8.485429972451399849e-02 8.063043936376860232e-01 5.853827573637829795e-01
4.880061561003090076e-01 6.541521236325650301e-01 5.778710848928220178e-01
-4.880061561196900044e-01 -6.541521236189360433e-01 5.778710848918829912e-01
-5.059860264793080153e-01 2.301747354755470099e-01 -8.312627335304060283e-01
5.059860264812710007e-01 -2.301747354879780105e-01 -8.312627335257689598e-01
1.975882637314370083e-01 -9.682879666829830034e-01 1.528963427048860013e-01
-1.975882637263630115e-01 9.682879666811580188e-01 1.528963427230020100e-01
-7.349788199968140257e-01 -4.989705770945159768e-01 -4.591671779973570122e-01
7.349788199898089625e-01 4.989705770939960039e-01 -4.591671780091359789e-01
5.004326145402300252e-01 4.637652561046149979e-01 -7.310875361642069636e-01
-5.004326145461389652e-01 -4.637652561043589805e-01 -7.310875361603239586e-01
-4.812334256066829741e-01 -8.304707788754870368e-01 2.805934345504180194e-01
4.812334256206610150e-01 8.304707788697339721e-01 2.805934345434700217e-01
9.535775065700869968e-01 9.758987077286200573e-02 2.848967463592930183e-01
-9.535775065726199706e-01 -9.758987076763099566e-02 2.848967463526099753e-01
-1.864110564249210067e-01 2.242313318890100104e-01 9.565412839192179995e-01
1.864110564165429862e-01 -2.242313318917200093e-01 9.565412839202149797e-01
-6.348000000000000012e-12 -3.970999999999999942e-12 1.000000000000000000e+00
