1.132093874057499977e-01 8.206126788408369954e-01 5.601593219155419634e-01
5.257279650334589771e-01 8.506527533486739623e-01 -1.448510338999999898e-06
1.448510955000000015e-06 5.257279650340279664e-01 -8.506527533483220216e-01
-5.257279650343600341e-01 8.506527533481169634e-01 1.448509453999999970e-06
-1.448510754000000027e-06 5.257279650347189692e-01 8.506527533478950298e-01
8.506527533486609727e-01 1.448508532999999911e-06 -5.257279650334799603e-01
-8.506527533483340120e-01 -1.448508921999999946e-06 -5.257279650340089816e-01
-8.506527533486769599e-01 1.448509596999999959e-06 5.257279650334539811e-01
8.506527533480230385e-01 -1.448509698999999906e-06 5.257279650345120237e-01
-1.448509840999999997e-06 -5.257279650343029687e-01 -8.506527533481520464e-01
1.448509816000000013e-06 -5.257279650335879850e-01 8.506527533485940262e-01
5.257279650341379895e-01 -8.506527533482539649e-01 1.448510743000000093e-06
-5.257279650330779486e-01 -8.506527533489089965e-01 -1.448510344999999920e-06
6.501582201270099670e-01 3.488292889719920020e-01 -6.749906784219860123e-01
-1.132093874058310023e-01 8.206126788392360538e-01 -5.601593219178709893e-01
-7.633646032708349960e-01 4.187956426177950053e-01 -4.918177428656970163e-01
-1.429875618501489920e-01 9.789528059300189877e-01 -1.456226662229890001e-01
2.561938851867530120e-01 9.089858851270490314e-01 -3.287998689669919816e-01
-6.501582201257160021e-01 3.488292889734280200e-01 6.749906784224900536e-01
7.633646032701859596e-01 4.187956426182889991e-01 4.918177428662849904e-01
1.429875618490960010e-01 9.789528059307850416e-01 1.456226662188750132e-01
-2.561938851861970123e-01 9.089858851282579533e-01 3.287998689640839745e-01
9.789528059302989860e-01 1.456226662213860046e-01 1.429875618498679946e-01
1.456226662205770128e-01 -1.429875618496579959e-01 -9.789528059304499763e-01
3.488292889749249892e-01 6.749906784218020483e-01 -6.501582201256279614e-01
6.749906784232739820e-01 6.501582201254390014e-01 -3.488292889724279866e-01
-3.287998689655109996e-01 -2.561938851871859990e-01 -9.089858851274630336e-01
-9.089858851272749618e-01 3.287998689654160200e-01 2.561938851879749790e-01
-4.918177428672280138e-01 7.633646032695809991e-01 -4.187956426182830039e-01
-4.187956426177730229e-01 4.918177428656380079e-01 -7.633646032708849560e-01
-9.789528059306350505e-01 1.456226662205669931e-01 -1.429875618484020006e-01
-1.456226662213329914e-01 -1.429875618490379918e-01 9.789528059304279939e-01
-3.488292889726319901e-01 6.749906784232679868e-01 6.501582201253349735e-01
-6.749906784215899958e-01 6.501582201265330152e-01 3.488292889736480107e-01
3.287998689651739914e-01 -2.561938851856649935e-01 9.089858851280140373e-01
9.089858851278550533e-01 3.287998689647559925e-01 -2.561938851867640032e-01
4.918177428658330186e-01 7.633646032707890328e-01 4.187956426177190106e-01
4.187956426170379998e-01 4.918177428667149798e-01 7.633646032705939666e-01
8.206126788405500028e-01 -5.601593219164540116e-01 -1.132093874033209963e-01
8.206126788397599681e-01 5.601593219171100424e-01 1.132093874057980010e-01
4.918177428675710172e-01 -7.633646032699780148e-01 -4.187956426171570157e-01
-5.601593219160510007e-01 1.132093874056360056e-01 -8.206126788405060379e-01
3.287998689662769980e-01 2.561938851868860167e-01 -9.089858851272709650e-01
5.601593219164210380e-01 -1.132093874059680039e-01 -8.206126788402070549e-01
-6.749906784223680400e-01 -6.501582201260189819e-01 -3.488292889731000046e-01
-1.456226662200600097e-01 1.429875618494700074e-01 -9.789528059305540042e-01
-8.206126788395720073e-01 -5.601593219175550198e-01 1.132093874049620030e-01
-8.206126788406610251e-01 5.601593219160939663e-01 -1.132093874042949949e-01
-4.918177428660239769e-01 -7.633646032705899698e-01 4.187956426178580105e-01
5.601593219163849557e-01 1.132093874065580041e-01 8.206126788401509886e-01
-3.287998689663629848e-01 2.561938851868489908e-01 9.089858851272499818e-01
-5.601593219174469951e-01 -1.132093874058270055e-01 8.206126788395270433e-01
6.749906784212239552e-01 -6.501582201262700034e-01 3.488292889748459968e-01
1.456226662199310018e-01 1.429875618502660095e-01 9.789528059304569707e-01
3.488292889719579737e-01 -6.749906784224869449e-01 6.501582201265080352e-01
4.187956426185600045e-01 -4.918177428659840089e-01 -7.633646032702300355e-01
9.789528059306680241e-01 -1.456226662210529932e-01 -1.429875618476799948e-01
9.089858851269529971e-01 -3.287998689655909912e-01 2.561938851888930224e-01
-2.561938851861519928e-01 -9.089858851273100449e-01 -3.287998689667390173e-01
7.633646032711459695e-01 -4.187956426180999836e-01 -4.918177428649549987e-01
1.429875618500910106e-01 -9.789528059301799701e-01 -1.456226662219660128e-01
-9.789528059303710394e-01 -1.456226662219929913e-01 1.429875618487529976e-01
-6.501582201261949523e-01 -3.488292889724229906e-01 -6.749906784225490064e-01
-3.488292889737379943e-01 -6.749906784221439970e-01 -6.501582201259089588e-01
-4.187956426178949809e-01 -4.918177428659840089e-01 7.633646032705949658e-01
-9.089858851273140417e-01 -3.287998689654489937e-01 -2.561938851877950118e-01
2.561938851859549837e-01 -9.089858851278750373e-01 3.287998689653329754e-01
-7.633646032705959650e-01 -4.187956426183550018e-01 4.918177428655899908e-01
-1.429875618490639988e-01 -9.789528059306440433e-01 1.456226662198520094e-01
6.501582201248450321e-01 -3.488292889729580071e-01 6.749906784235719659e-01
-1.132093874061390060e-01 -8.206126788401360006e-01 5.601593219164909820e-01
1.132093874066529976e-01 -8.206126788395600169e-01 -5.601593219172309457e-01
