-3.552314577994100109e-01 -2.787124775453799982e-02 -9.343627801546420253e-01
-2.787124779678400166e-02 -9.343627801526019905e-01 -3.552314578014589830e-01
3.552314577871319989e-01 2.787124774873999886e-02 -9.343627801594830418e-01
-9.343627801599230231e-01 -3.552314577855010258e-01 -2.787124775475599905e-02
2.787124775070999941e-02 -9.343627801527809584e-01 3.552314578046040228e-01
-9.343627801457190518e-01 3.552314578222189878e-01 2.787124776296200090e-02
2.787124778671299860e-02 9.343627801530629551e-01 -3.552314578010389856e-01
9.343627801578550107e-01 3.552314577896489856e-01 -2.787124777123200017e-02
-2.787124775369500054e-02 9.343627801509609698e-01 3.552314578091579911e-01
9.343627801461910076e-01 -3.552314578219539776e-01 2.787124775050999967e-02
-3.552314577820899766e-01 2.787124776743800034e-02 9.343627801608419547e-01
3.552314578059089789e-01 -2.787124776768100040e-02 9.343627801517789822e-01
7.798223099901350208e-01 -5.915274550826340461e-01 -2.048717518964320028e-01
-5.915274550688219835e-01 -2.048717518578009877e-01 7.798223100107599670e-01
-7.798223099940579939e-01 5.915274550814689780e-01 -2.048717518848610086e-01
-2.048717518702969920e-01 7.798223100114689554e-01 -5.915274550635599704e-01
5.915274550589909586e-01 -2.048717518874280108e-01 -7.798223100104340055e-01
-2.048717518992229925e-01 -7.798223100030780008e-01 5.915274550646030249e-01
5.915274550728280012e-01 2.048717518705870100e-01 7.798223100043619738e-01
2.048717518672270033e-01 -7.798223100172360089e-01 -5.915274550570199796e-01
-5.915274550666309583e-01 2.048717518872250065e-01 -7.798223100046920431e-01
2.048717519129319986e-01 7.798223100091420390e-01 5.915274550518619945e-01
7.798223100232389848e-01 5.915274550410930532e-01 2.048717518903619972e-01
-7.798223100192930302e-01 -5.915274550424189925e-01 2.048717519015580135e-01
-1.835271983339979984e-01 6.012377579050369736e-01 7.777087667893419765e-01
6.012377579099360547e-01 7.777087667815160144e-01 -1.835271983511070071e-01
1.835271983445520005e-01 -6.012377579091829904e-01 7.777087667836449780e-01
7.777087667849560404e-01 -1.835271983808640095e-01 6.012377578964029912e-01
-6.012377578802809985e-01 7.777087668046720470e-01 1.835271983501320092e-01
7.777087667858340048e-01 1.835271983493410031e-01 -6.012377579048899801e-01
-6.012377579161559682e-01 -7.777087667795400394e-01 -1.835271983391029982e-01
-7.777087667789820413e-01 1.835271983879100122e-01 6.012377579019799745e-01
6.012377578838099534e-01 -7.777087668027170553e-01 1.835271983468549917e-01
-7.777087667928399561e-01 -1.835271983492179904e-01 -6.012377578958649771e-01
-1.835271983682890129e-01 -6.012377579004050121e-01 -7.777087667848300301e-01
1.835271983649459926e-01 6.012377578956229485e-01 -7.777087667893149980e-01
8.528077887090460552e-01 -2.370119709574169953e-01 -4.653431004539210214e-01
-2.370119709567750088e-01 -4.653431004433219997e-01 8.528077887150079528e-01
-8.528077887144680513e-01 2.370119709572729993e-01 -4.653431004440570229e-01
-4.653431004292429840e-01 8.528077887231789722e-01 -2.370119709550159992e-01
2.370119709375479999e-01 -4.653431004612529898e-01 -8.528077887105669497e-01
-4.653431004674730143e-01 -8.528077887011440428e-01 2.370119709592400092e-01
2.370119709598129953e-01 4.653431004551250028e-01 8.528077887077230024e-01
4.653431004264469983e-01 -8.528077887265379520e-01 -2.370119709484179993e-01
-2.370119709440189903e-01 4.653431004564970164e-01 -8.528077887113639788e-01
4.653431004720199882e-01 8.528077887039919869e-01 2.370119709400649866e-01
8.528077887273129987e-01 2.370119709099660077e-01 4.653431004446130226e-01
-8.528077887209279950e-01 -2.370119709119329898e-01 4.653431004553110206e-01
-3.831075180512140133e-01 -7.694524457704999820e-01 -5.110494724686009960e-01
-7.694524457940800088e-01 -5.110494724612939521e-01 -3.831075180136009894e-01
3.831075180386340207e-01 7.694524457748399549e-01 -5.110494724714970127e-01
-5.110494724808269940e-01 -3.831075180130469882e-01 -7.694524457813820550e-01
7.694524457795199890e-01 -5.110494724845480174e-01 3.831075180118250212e-01
-5.110494724512290032e-01 3.831075180286250270e-01 7.694524457932849781e-01
7.694524457858420430e-01 5.110494724634909725e-01 -3.831075180272149883e-01
5.110494724706560188e-01 3.831075180104849820e-01 -7.694524457894129643e-01
-7.694524457691539476e-01 5.110494724914830256e-01 3.831075180233919908e-01
5.110494724648110276e-01 -3.831075180372209843e-01 7.694524457799839512e-01
-3.831075180143390102e-01 7.694524457825789865e-01 5.110494724780559883e-01
3.831075180208339814e-01 -7.694524457877479628e-01 5.110494724654049969e-01
-3.159053436286200084e-02 -2.276014255658400098e-01 -9.732418143601649918e-01
-2.276014255785960005e-01 -9.732418143577179492e-01 -3.159053434635600288e-02
3.159053435052699976e-02 2.276014255580129930e-01 -9.732418143623959850e-01
-9.732418143636609731e-01 -3.159053433969800234e-02 -2.276014255541060072e-01
2.276014255299169953e-01 -9.732418143689409717e-01 3.159053435131099763e-02
-9.732418143620620299e-01 3.159053437837600065e-02 2.276014255555759980e-01
2.276014255656060026e-01 9.732418143607729499e-01 -3.159053434583700137e-02
9.732418143610840344e-01 3.159053434022900120e-02 -2.276014255650539997e-01
-2.276014255393319918e-01 9.732418143666240473e-01 3.159053435487699929e-02
9.732418143653830400e-01 -3.159053437456300212e-02 2.276014255419019916e-01
-3.159053433268600025e-02 2.276014255572509914e-01 9.732418143631530461e-01
3.159053435931100107e-02 -2.276014255665360086e-01 9.732418143601180294e-01
5.773502692115289880e-01 5.773502691690080013e-01 5.773502691883399818e-01
-5.773502692025149763e-01 -5.773502691649610163e-01 5.773502692014009785e-01
-5.773502691846440493e-01 5.773502691922399732e-01 -5.773502691919939478e-01
5.773502691768590545e-01 -5.773502691953840138e-01 -5.773502691966340139e-01
