1.629327551584910105e-01 -9.407771584092829986e-01 2.973066691344439794e-01
-9.407784491011209616e-01 2.973115601990070078e-01 1.629163769512529947e-01
-1.629321180297720051e-01 9.407770535606070350e-01 2.973073500742199893e-01
2.973146161528629761e-01 1.629407003185429914e-01 -9.407732708796410215e-01
9.407778099838119967e-01 2.973130309280579975e-01 -1.629173836103250117e-01
2.973148921675670131e-01 -1.629418863045790089e-01 9.407729782380519490e-01
9.407785040197960136e-01 -2.973112661647659971e-01 1.629165964098769903e-01
-2.973145929227929973e-01 -1.629405466597450003e-01 -9.407733048345799931e-01
-9.407778440158249822e-01 -2.973139562903719946e-01 -1.629154983539120027e-01
-2.973138157197560139e-01 1.629424321377750118e-01 9.407732238914889855e-01
1.629309508567529929e-01 9.407771686008959966e-01 -2.973076256879340074e-01
-1.629327106036380091e-01 -9.407770079850320544e-01 -2.973071695436910189e-01
1.726333652927830031e-01 -8.011321784852080130e-01 5.730488232107580071e-01
-8.011330974831499807e-01 5.730567073895209695e-01 1.726029264900650062e-01
-1.726328561027520025e-01 8.011323001286170253e-01 5.730488065465609848e-01
5.730618091313900431e-01 1.726312337826020060e-01 -8.011233488282279991e-01
8.011321159139640491e-01 5.730579436265930138e-01 -1.726033780019259889e-01
5.730625950974309601e-01 -1.726316296145689877e-01 8.011227013116130058e-01
8.011333182883100257e-01 -5.730564737202049619e-01 1.726026774291909982e-01
-5.730624734837630463e-01 -1.726311204019309875e-01 -8.011228980334069716e-01
-8.011323251199310436e-01 -5.730579925652680151e-01 -1.726022444958280055e-01
-5.730619051209729919e-01 1.726316726363900100e-01 8.011231855974979554e-01
1.726322577130899871e-01 8.011316680287750014e-01 -5.730498704984710034e-01
-1.726332466516430075e-01 -8.011317201926789755e-01 -5.730494996521959816e-01
4.169814826951520059e-01 -9.086741153367330348e-01 2.092355625503899974e-02
-9.086749946197030248e-01 2.093011256434600120e-02 4.169792375417830099e-01
-4.169812266072460138e-01 9.086742335398150239e-01 2.092352642231400106e-02
2.093080456554800156e-02 4.169820721728920154e-01 -9.086736778990790464e-01
9.086751895169440374e-01 2.092963418060499875e-02 -4.169788368363699926e-01
2.093182975244299929e-02 -4.169824882022680201e-01 9.086734633716669896e-01
9.086750528873499544e-01 -2.092905586649099897e-02 4.169791636049809957e-01
-2.093215983447799938e-02 -4.169817844281700214e-01 -9.086737787235650288e-01
-9.086752340339110390e-01 -2.093095816440400034e-02 -4.169786733679999857e-01
-2.092999254446600149e-02 4.169818870187910198e-01 9.086737815686869446e-01
4.169790029457149938e-01 9.086752295023799997e-01 -2.092458819653299912e-02
-4.169788930585239806e-01 -9.086753366306119517e-01 -2.092212567909799981e-02
4.076803010074849798e-01 -6.379159571194189526e-01 6.533452409123849947e-01
-6.379241137879959611e-01 6.533560228734109909e-01 4.076502574791769917e-01
-4.076797230620500256e-01 6.379158422574110476e-01 6.533457136930399534e-01
6.533655196527029529e-01 4.076694917750909863e-01 -6.379020953130599692e-01
6.379238387920169728e-01 6.533562931993269762e-01 -4.076502545536940247e-01
6.533661587030550333e-01 -4.076695053371010014e-01 6.379014321035959556e-01
6.379250508484920479e-01 -6.533556332975809511e-01 4.076494154764189748e-01
-6.533661218442360363e-01 -4.076697085862530101e-01 -6.379013399636519477e-01
-6.379239060865470323e-01 -6.533564102304659782e-01 -4.076499616755059896e-01
-6.533656769725729729e-01 4.076693034612720035e-01 6.379020545268470066e-01
4.076796444657799778e-01 6.379150507113560131e-01 -6.533465355874960023e-01
-4.076797078078580050e-01 -6.379156406884830544e-01 -6.533459200199409622e-01
6.925592797886259699e-01 4.249581270025820090e-01 5.828998492649639651e-01
4.249414942722130051e-01 5.828858614514460523e-01 6.925812580237099558e-01
-6.925586146887769967e-01 -4.249571642825519802e-01 5.829013413479969818e-01
5.828780463942999646e-01 6.925704234257940017e-01 4.249698714348810191e-01
-4.249419816427350005e-01 5.828859149746890012e-01 -6.925809139455589847e-01
5.828779355330250267e-01 -6.925702975395170435e-01 -4.249702286452359812e-01
-4.249407192680039747e-01 -5.828850436325879736e-01 6.925824218224340134e-01
-5.828778454229279760e-01 -6.925696438929029863e-01 4.249714174779080089e-01
4.249410875703170110e-01 -5.828857518462779996e-01 -6.925815998055080414e-01
-5.828795352595670387e-01 6.925693209927430427e-01 -4.249696259678349963e-01
6.925588615363279521e-01 -4.249580070954719901e-01 -5.829004336187699753e-01
-6.925594297762299734e-01 4.249569931155229852e-01 -5.829004977097189677e-01
-2.880352623152689917e-01 -4.157486636889359821e-01 8.626637446327729553e-01
-4.157565078939550185e-01 8.626552001782159529e-01 -2.880495300279199977e-01
2.880364951529810202e-01 4.157488046373419843e-01 8.626632650707970473e-01
8.626498707815030142e-01 -2.880395579098790071e-01 -4.157744743484599881e-01
4.157549047446150170e-01 8.626559505859839883e-01 2.880495965964700034e-01
8.626496925161459828e-01 2.880407914713309925e-01 4.157739896270190028e-01
4.157551573938519929e-01 -8.626556601779830080e-01 -2.880501016547309945e-01
-8.626501176178970054e-01 2.880384842416779945e-01 -4.157747060242920067e-01
-4.157545104356250021e-01 -8.626557215563910308e-01 2.880508516190429802e-01
-8.626492744025020531e-01 -2.880402829226429984e-01 4.157752094421700018e-01
-2.880358513668350162e-01 4.157499781308600095e-01 -8.626629144756210454e-01
2.880354697284560062e-01 -4.157495109986579784e-01 -8.626632670298910455e-01
-2.252548537374519932e-01 7.720757963113129563e-01 -5.942720047402290096e-01
7.720752010726720238e-01 -5.942620839387029452e-01 -2.252830652344350038e-01
2.252534506790070112e-01 -7.720754198390950007e-01 -5.942730256687449586e-01
-5.942585464031490128e-01 -2.252588767608769971e-01 7.720849813765610081e-01
-7.720735256961559489e-01 -5.942643029958200040e-01 2.252829534252409893e-01
-5.942587848196569933e-01 2.252597008815389878e-01 -7.720845574310010173e-01
-7.720760618503740291e-01 5.942612248967600319e-01 -2.252823812503320089e-01
5.942591414099850367e-01 2.252600942196129885e-01 7.720841682114959470e-01
7.720741018035860437e-01 5.942641031694410048e-01 2.252815061393330098e-01
5.942596268684160465e-01 -2.252598150774410002e-01 -7.720838760040830140e-01
-2.252536603039060059e-01 -7.720753507585440545e-01 5.942730359613870306e-01
2.252536811060019961e-01 7.720750665574630522e-01 5.942733973084139976e-01
7.026734469820000370e-04 -6.585721179663629465e-01 -7.525172899590589770e-01
-6.585701705808000295e-01 -7.525189627843690277e-01 7.355753621870000404e-04
-7.038642505319999939e-04 6.585730010712660398e-01 -7.525165159882559740e-01
-7.525165815206830144e-01 7.149989658210000000e-04 -6.585729141962219924e-01
6.585722835848969448e-01 -7.525171128920119523e-01 -7.362733499120000533e-04
-7.525167116925890465e-01 -7.150029529539999543e-04 6.585727654512829599e-01
6.585698933595559579e-01 7.525192063717730528e-01 7.345760554479999465e-04
7.525166522207400455e-01 -7.149429779999999816e-04 -6.585728334717639854e-01
-6.585724695662780181e-01 7.525169507803990410e-01 -7.356069219679999688e-04
7.525164902020859969e-01 7.159846511919999755e-04 6.585730174702829620e-01
7.027589984280000488e-04 6.585724060718529671e-01 7.525170377410209666e-01
-7.027715251669999861e-04 -6.585729512828479848e-01 7.525165605824120085e-01
-9.903655291375309533e-01 -3.795021965477599762e-02 1.331761972887539891e-01
-3.794391613589700313e-02 1.331724224625029929e-01 -9.903662782646329710e-01
9.903655796803619848e-01 3.795058545799700339e-02 1.331757171851379873e-01
1.331749942896710004e-01 -9.903655990503490436e-01 -3.795261668962900126e-02
3.794463136951199689e-02 1.331718814738689916e-01 9.903663236070490150e-01
1.331729228988370040e-01 9.903659118939259765e-01 3.795172150368700259e-02
3.794458324359199775e-02 -1.331725433769480049e-01 -9.903662364463889922e-01
-1.331746444928069983e-01 9.903657014230630162e-01 -3.795117269622799716e-02
-3.794405270948199987e-02 -1.331727874649610011e-01 9.903662239509140042e-01
-1.331721071758069919e-01 -9.903660289726290422e-01 3.795152865619400018e-02
-9.903658273902230524e-01 3.794679871900000223e-02 -1.331749541192270014e-01
9.903657898122759651e-01 -3.794789776936199899e-02 -1.331749204031759948e-01
-8.318971771979940533e-01 -3.287957376251299801e-01 -4.470351770158100257e-01
-3.288033703013489850e-01 -4.470557353361520048e-01 -8.318831126916369501e-01
8.318968351889549639e-01 3.287952674382659812e-01 -4.470361592900510272e-01
-4.470563217385160049e-01 -8.318897226893989805e-01 -3.287858489615759772e-01
3.288027966399389990e-01 -4.470570311025869881e-01 8.318826430834429519e-01
-4.470566509653359777e-01 8.318894860202670216e-01 3.287860001225629825e-01
3.288015240933520045e-01 4.470562870281800105e-01 -8.318835459260309761e-01
4.470550379243869998e-01 8.318896135874920272e-01 -3.287878706273649754e-01
-3.288018923010069816e-01 4.470570650269379831e-01 8.318829822930490225e-01
4.470569298101029765e-01 -8.318893036532459817e-01 3.287860823941359811e-01
-8.318970494831909868e-01 3.287956680020819866e-01 4.470354658908239909e-01
8.318975106633229588e-01 -3.287943053538430194e-01 4.470356099004320072e-01
-9.242979508717189541e-01 -3.609717606501139930e-01 1.239866364875590043e-01
-3.609696066338800025e-01 1.239545241198450054e-01 -9.243030991167370258e-01
9.242981936292700151e-01 3.609718842630750268e-01 1.239844668707899972e-01
1.239653919357260048e-01 -9.242992341953939484e-01 -3.609757710262970209e-01
3.609702882526050205e-01 1.239532141308449936e-01 9.243030085991630340e-01
1.239664914948819946e-01 9.242992397385020320e-01 3.609753792231220060e-01
3.609703902632229733e-01 -1.239548929588280002e-01 -9.243027436207159608e-01
-1.239668432568190037e-01 9.242995239144680131e-01 -3.609745307697300176e-01
-3.609696137874400246e-01 -1.239529624521800016e-01 9.243033057505930516e-01
-1.239652378755889961e-01 -9.242995184877460524e-01 3.609750959855390073e-01
-9.242994979328980065e-01 3.609683268873650208e-01 -1.239851003351959968e-01
9.242991186516039681e-01 -3.609693732544539957e-01 -1.239848814660659965e-01
