3.640123839810859852e-01 8.229531635995710470e-01 -4.361686311850779818e-01
7.685887320688830071e-01 5.532267820651309842e-01 -3.212654487220910071e-01
1.101485451141210048e-01 9.824696076142369616e-01 1.504020216738140014e-01
-2.304850919140130072e-01 5.617329534920200151e-01 7.945644790490710152e-01
-8.676275173803390528e-01 -4.918540416487969802e-01 7.281547087105799676e-02
1.144206970878289958e-01 4.031499733489110060e-01 9.079526436255960231e-01
-8.469390214733909517e-01 -4.771030871330399908e-02 -5.295451070005060545e-01
-6.252578784352089691e-01 4.081160919771310014e-01 6.652021053213940105e-01
-8.500000000000000384e-14 1.799999999999999903e-14 1.000000000000000000e+00
1.139999999999999939e-13 6.400000000000000497e-14 -1.000000000000000000e+00
-3.640123839809650264e-01 8.229531635996150118e-01 4.361686311850950237e-01
-7.685887320687669888e-01 5.532267820653049561e-01 3.212654487220690247e-01
-1.101485451140419985e-01 9.824696076142369616e-01 -1.504020216738710114e-01
2.304850919141699928e-01 5.617329534919940359e-01 -7.945644790490430376e-01
8.676275173802620033e-01 -4.918540416489600164e-01 -7.281547087086899517e-02
-1.144206970877000018e-01 4.031499733489339876e-01 -9.079526436256020183e-01
8.469390214733499844e-01 -4.771030871340700003e-02 5.295451070005610106e-01
6.252578784353119978e-01 4.081160919770089879e-01 -6.652021053213720281e-01
8.229531635995770422e-01 3.640123839808829809e-01 4.361686311852350229e-01
5.532267820651880497e-01 7.685887320687739832e-01 3.212654487222529887e-01
9.824696076142469536e-01 1.101485451140870042e-01 -1.504020216737740057e-01
5.617329534919810463e-01 -2.304850919140880028e-01 -7.945644790490760112e-01
-4.918540416487560130e-01 -8.676275173803690288e-01 -7.281547087097299531e-02
4.031499733490629955e-01 1.144206970878609980e-01 -9.079526436255239696e-01
-4.771030871335200235e-02 -8.469390214733489852e-01 5.295451070005680050e-01
4.081160919769949991e-01 -6.252578784352129659e-01 -6.652021053214749458e-01
-8.229531635995319672e-01 3.640123839808869777e-01 -4.361686311853160136e-01
-5.532267820651799450e-01 7.685887320687729840e-01 -3.212654487222699751e-01
-9.824696076142189760e-01 1.101485451143019989e-01 1.504020216737979865e-01
-5.617329534918500400e-01 -2.304850919140470078e-01 7.945644790491810383e-01
4.918540416486399947e-01 -8.676275173804379737e-01 7.281547087093299953e-02
-4.031499733489949944e-01 1.144206970879430019e-01 9.079526436255439537e-01
4.771030871312800098e-02 -8.469390214732509525e-01 -5.295451070007449745e-01
-4.081160919770889794e-01 -6.252578784352209595e-01 6.652021053214089985e-01
8.229531635995930294e-01 -3.640123839810480155e-01 -4.361686311850679898e-01
5.532267820652400081e-01 -7.685887320687619928e-01 -3.212654487221929811e-01
9.824696076142229728e-01 -1.101485451142029948e-01 1.504020216738410076e-01
5.617329534920120215e-01 2.304850919139649901e-01 7.945644790490909992e-01
-4.918540416488439981e-01 8.676275173803229546e-01 7.281547087093000192e-02
4.031499733488420056e-01 -1.144206970878020035e-01 9.079526436256299959e-01
-4.771030871312500338e-02 8.469390214733319988e-01 -5.295451070006149674e-01
4.081160919770249751e-01 6.252578784351440211e-01 6.652021053215210200e-01
3.640123839808739881e-01 -8.229531635996120142e-01 4.361686311851760145e-01
7.685887320686020097e-01 -5.532267820654549473e-01 3.212654487222060262e-01
1.101485451140020028e-01 -9.824696076142169776e-01 -1.504020216740269977e-01
-2.304850919141389898e-01 -5.617329534917929745e-01 -7.945644790491950271e-01
-8.676275173802610041e-01 4.918540416489100009e-01 -7.281547087121599537e-02
1.144206970878360041e-01 -4.031499733488649873e-01 -9.079526436256150079e-01
-8.469390214733150124e-01 4.771030871329900308e-02 5.295451070006269578e-01
-6.252578784353129970e-01 -4.081160919769210027e-01 -6.652021053214249857e-01
-8.229531635996200079e-01 -3.640123839807479778e-01 4.361686311852659981e-01
-5.532267820654279689e-01 -7.685887320686479729e-01 3.212654487221420219e-01
-9.824696076142499512e-01 -1.101485451141299976e-01 -1.504020216737229909e-01
-5.617329534919029976e-01 2.304850919140550014e-01 -7.945644790491419585e-01
4.918540416489630140e-01 8.676275173802510121e-01 -7.281547087097499371e-02
-4.031499733489209980e-01 -1.144206970877429952e-01 -9.079526436256020183e-01
4.771030871322400058e-02 8.469390214733469868e-01 5.295451070005829930e-01
-4.081160919769240003e-01 6.252578784352109675e-01 -6.652021053215200208e-01
-3.640123839810390227e-01 -8.229531635994850047e-01 -4.361686311852789877e-01
-7.685887320687240232e-01 -5.532267820653620216e-01 -3.212654487220740207e-01
-1.101485451141380051e-01 -9.824696076142309664e-01 1.504020216738370108e-01
2.304850919140110088e-01 -5.617329534919900391e-01 7.945644790490929976e-01
8.676275173803069674e-01 4.918540416488340061e-01 7.281547087118600547e-02
-1.144206970878109964e-01 -4.031499733489560255e-01 9.079526436255780375e-01
8.469390214733799604e-01 4.771030871307199717e-02 -5.295451070005440242e-01
6.252578784351550123e-01 -4.081160919770149831e-01 6.652021053215160240e-01
