9.478698680025779977e-01 -8.038192699395099727e-02 3.083528160168390042e-01
-9.478698681329730258e-01 -8.038192750614099602e-02 -3.083528154824899947e-01
-8.038192810235900154e-02 9.478698680637139828e-01 -3.083528155399660187e-01
8.038192691267100065e-02 9.478698682335869874e-01 3.083528153279109785e-01
-8.038192690571299703e-02 -9.478698679314050413e-01 3.083528162586259835e-01
9.478698678966429592e-01 8.038192754132500450e-02 -3.083528161997909911e-01
8.038192713335999551e-02 -9.478698680303999646e-01 -3.083528158949739861e-01
-9.478698682378290385e-01 8.038192698206400588e-02 3.083528152967809910e-01
-1.027793508069740069e-01 5.033549331901190360e-01 8.579453457422959728e-01
1.027793510015960060e-01 5.033549332987989899e-01 -8.579453456552189605e-01
5.033549327767690151e-01 -1.027793503963480015e-01 -8.579453460339999671e-01
-5.033549329664680494e-01 -1.027793512886029936e-01 8.579453458158140533e-01
5.033549334992669655e-01 1.027793509235959968e-01 8.579453455469490120e-01
-1.027793506178389937e-01 -5.033549331954260131e-01 -8.579453457618400058e-01
-5.033549332795289599e-01 1.027793510819429990e-01 -8.579453456568989500e-01
1.027793512695810013e-01 -5.033549327668570550e-01 8.579453459352039957e-01
8.541413706687840390e-01 5.199267181711410002e-01 -1.089617565193099977e-02
-8.541413709525970122e-01 5.199267176777160326e-01 1.089617694861200019e-02
5.199267169742699535e-01 8.541413713905370297e-01 1.089617618479899949e-02
-5.199267186881210145e-01 8.541413703563459636e-01 -1.089617547526099996e-02
5.199267175724650025e-01 -8.541413710220250310e-01 -1.089617652839599930e-02
8.541413711600189806e-01 -5.199267173728719937e-01 1.089617523501999925e-02
-5.199267178860520477e-01 -8.541413708378130520e-01 1.089617600534199988e-02
-8.541413707900600283e-01 -5.199267179557870433e-01 -1.089617642114099928e-02
2.907270687178959978e-01 2.217719817834130080e-01 -9.307496761270229735e-01
-2.907270680095049853e-01 2.217719810628659971e-01 9.307496765199809730e-01
2.217719815529400063e-01 2.907270684786190107e-01 9.307496762566780379e-01
-2.217719815840240027e-01 2.907270690803619995e-01 -9.307496760613119813e-01
2.217719811578950095e-01 -2.907270683331359962e-01 -9.307496763962489483e-01
2.907270696163060109e-01 -2.217719814227910036e-01 9.307496759323240498e-01
-2.217719811941669950e-01 -2.907270688121930124e-01 9.307496762379690036e-01
-2.907270684498939883e-01 -2.217719812178199912e-01 -9.307496763454999877e-01
3.787108189074330222e-01 -8.245135612435909866e-01 -4.204230048033449907e-01
-3.787108188178989754e-01 -8.245135616402939904e-01 4.204230041059999756e-01
-8.245135614369919486e-01 3.787108178849070139e-01 4.204230053451319948e-01
8.245135614655819678e-01 3.787108197092580175e-01 -4.204230036457139996e-01
-8.245135611725650238e-01 -3.787108186568919899e-01 -4.204230051683209846e-01
3.787108182740340223e-01 8.245135614800409574e-01 4.204230049101870259e-01
8.245135616697419900e-01 -3.787108193954559776e-01 4.204230035279920008e-01
-3.787108196521319914e-01 8.245135613787529794e-01 -4.204230038674570125e-01
6.054078616814340119e-01 4.562212245957990020e-01 6.521836514683749808e-01
-6.054078612273380289e-01 4.562212247093839768e-01 -6.521836518104470182e-01
4.562212246771559787e-01 6.054078612387400193e-01 -6.521836518224070067e-01
-4.562212246026610130e-01 6.054078607734230122e-01 6.521836523064620250e-01
4.562212248889179755e-01 -6.054078614904350175e-01 6.521836514406309515e-01
6.054078614493419996e-01 -4.562212239958640114e-01 -6.521836521034930501e-01
-4.562212241345339758e-01 -6.054078616688129966e-01 -6.521836518027589458e-01
-6.054078608128099503e-01 -4.562212250328520069e-01 6.521836519689679923e-01
-3.394040691137999860e-02 7.699006564658119611e-01 6.372605651946470218e-01
3.394040688582000004e-02 7.699006566793159534e-01 -6.372605649380660431e-01
7.699006563594430474e-01 -3.394040678681799900e-02 -6.372605653297910289e-01
-7.699006565026490501e-01 -3.394040783744899786e-02 6.372605651008219629e-01
7.699006565637509514e-01 3.394040685811099828e-02 6.372605650791599574e-01
-3.394040681761500283e-02 -7.699006564374190065e-01 -6.372605652339450311e-01
-7.699006564156010146e-01 3.394040683660200231e-02 -6.372605652592919778e-01
3.394040762233099806e-02 -7.699006562077910232e-01 6.372605654685079557e-01
-6.814280289774350408e-01 6.700171872914320037e-01 -2.945043464161550273e-01
6.814280277076439907e-01 6.700171885778980485e-01 2.945043464274170186e-01
6.700171880160219473e-01 -6.814280286073309822e-01 2.945043456240140078e-01
-6.700171879926449803e-01 -6.814280280975759663e-01 -2.945043468566759803e-01
6.700171873133690115e-01 6.814280290357439540e-01 -2.945043462313309823e-01
-6.814280284266990284e-01 -6.700171877476750470e-01 2.945043466524699949e-01
-6.700171880489049769e-01 6.814280276791969682e-01 2.945043476967310059e-01
6.814280282745189821e-01 -6.700171878063090336e-01 -2.945043468711889822e-01
-3.123837632250209828e-01 -6.068845158673640272e-01 7.308266339384530408e-01
3.123837640481120226e-01 -6.068845150565620461e-01 -7.308266342599279985e-01
-6.068845148285030300e-01 -3.123837638803479977e-01 -7.308266345210190362e-01
6.068845160348520507e-01 -3.123837641436360002e-01 7.308266334067170522e-01
-6.068845151135490168e-01 3.123837627730080002e-01 7.308266347576349853e-01
-3.123837635517969780e-01 6.068845158540490115e-01 -7.308266338098330372e-01
6.068845158965849862e-01 3.123837638848280251e-01 -7.308266336321600498e-01
3.123837638724070165e-01 6.068845150263170174e-01 7.308266343601470538e-01
-8.477586347343080142e-01 3.340273216593430128e-01 -4.119842783632750027e-01
8.477586346345069579e-01 3.340273224238700100e-01 4.119842779487790096e-01
3.340273223688419724e-01 -8.477586347022439961e-01 4.119842778540089845e-01
-3.340273220457439796e-01 -8.477586348198240529e-01 -4.119842778740179789e-01
3.340273216156349756e-01 8.477586347591320459e-01 -4.119842783476310166e-01
-8.477586346001180218e-01 -3.340273222638600048e-01 4.119842781492760175e-01
-3.340273220972119761e-01 8.477586343917210554e-01 4.119842787132170225e-01
8.477586347133559963e-01 -3.340273218613860062e-01 -4.119842782425759964e-01
9.763351505209509895e-01 2.076210651666189899e-01 6.052410392819999874e-02
-9.763351504822680438e-01 2.076210652551190028e-01 -6.052410424861599803e-02
2.076210640013730069e-01 9.763351507479189895e-01 -6.052410426414400052e-02
-2.076210660966270050e-01 9.763351502951469474e-01 6.052410438041799789e-02
2.076210646012029981e-01 -9.763351506528179513e-01 6.052410374060099990e-02
9.763351507350529479e-01 -2.076210641434799997e-01 -6.052410398421100013e-02
-2.076210650440719896e-01 -9.763351505608719449e-01 -6.052410370460600125e-02
-9.763351505137459752e-01 -2.076210652120900058e-01 6.052410388842800054e-02
4.639640000000000017e-10 -3.890260000000000171e-10 1.000000000000000000e+00
-2.894850000000000090e-10 5.420070000000000496e-10 -1.000000000000000000e+00
