8.088472790091120190e-01 -1.548943610173889873e-01 5.672511050360069529e-01
-1.548943707909500034e-01 5.672512131190049489e-01 8.088472013379860437e-01
-8.088472763153939926e-01 1.548942820239279927e-01 5.672511304470529980e-01
5.672510954451880361e-01 8.088472747472800206e-01 -1.548944183956690035e-01
1.548944322596620127e-01 5.672510422369739791e-01 -8.088473094076680248e-01
5.672511623476690357e-01 -8.088472237733419501e-01 1.548944395689370035e-01
1.548942673485440014e-01 -5.672511207197610261e-01 8.088472859475589472e-01
-5.672511233018739940e-01 -8.088472859748909727e-01 -1.548942577496530137e-01
-1.548944339465309905e-01 -5.672511172384600009e-01 -8.088472564854890523e-01
-5.672511078300970233e-01 8.088472751638430269e-01 1.548943708646459971e-01
8.088472826430509466e-01 1.548943919896909882e-01 -5.672510913970080226e-01
-8.088472237983109769e-01 -1.548943816067850088e-01 -5.672511781392940433e-01
-5.164744404679699752e-01 -1.028335871668420026e-01 -8.501055262105390309e-01
-1.028336788209899960e-01 -8.501055097121299475e-01 -5.164744493750109688e-01
5.164745112741070399e-01 1.028335101078859948e-01 -8.501054925143489704e-01
-8.501055034475090144e-01 -5.164744830993770464e-01 -1.028335612311890024e-01
1.028335589949579965e-01 -8.501054980272340078e-01 5.164744924662779679e-01
-8.501054951559730011e-01 5.164744771639470100e-01 1.028336595859799946e-01
1.028335859554879994e-01 8.501054696064860305e-01 -5.164745338781679962e-01
8.501054973121050518e-01 5.164744935983950347e-01 -1.028335592208070026e-01
-1.028336111016930066e-01 8.501055501885359522e-01 5.164743962351210360e-01
8.501055197653110129e-01 -5.164744393541730316e-01 1.028336460422550058e-01
-5.164744813801299683e-01 1.028336016521940038e-01 8.501054996024689503e-01
5.164744845966939835e-01 -1.028336192027369950e-01 8.501054955252590473e-01
3.233820120845110058e-01 -8.473340400488500457e-01 -4.212470757580000225e-01
-8.473340781145659584e-01 -4.212469982717589878e-01 3.233820132796069724e-01
-3.233820992082839796e-01 8.473339737459799625e-01 -4.212471422425210221e-01
-4.212469691756859924e-01 3.233820221067990053e-01 -8.473340892106350219e-01
8.473340727340440415e-01 -4.212470239088170199e-01 -3.233819939821970246e-01
-4.212469911327760275e-01 -3.233819578837440201e-01 8.473341028052979729e-01
8.473340003458430525e-01 4.212470865431199862e-01 3.233821020663389945e-01
4.212470886713750029e-01 -3.233821641151249926e-01 -8.473339756070860096e-01
-8.473340470845730499e-01 4.212470710173810140e-01 -3.233819998245989757e-01
4.212470790716499880e-01 3.233820377954579883e-01 8.473340285889979784e-01
3.233819949635010071e-01 8.473341105334020185e-01 4.212469471224630224e-01
-3.233820029888280212e-01 -8.473340782461920018e-01 4.212470059069969852e-01
4.650341956182080239e-01 4.675059470588570076e-01 -7.517854656551480330e-01
4.675060025923549745e-01 -7.517854089387480121e-01 4.650342314786249931e-01
-4.650341953868130096e-01 -4.675060610336149725e-01 -7.517853949218310516e-01
-7.517854878819060227e-01 4.650340714863789859e-01 4.675060347920300119e-01
-4.675060438217050196e-01 -7.517854984712170063e-01 -4.650340452897639976e-01
-7.517854520617900382e-01 -4.650341809794910075e-01 -4.675059834793400260e-01
-4.675060697487610217e-01 7.517854200576750134e-01 4.650341459901329855e-01
7.517854135570619656e-01 -4.650341341188969913e-01 4.675060920107089735e-01
4.675059895310780256e-01 7.517854400997650011e-01 -4.650341942336829737e-01
7.517854539812579562e-01 4.650341731329549755e-01 -4.675059881977369769e-01
4.650340594648060266e-01 -4.675059938181759800e-01 7.517855207981619658e-01
-4.650341676886389775e-01 4.675060285366369750e-01 7.517854322637780307e-01
2.093128944615489928e-01 1.041121047601900051e-01 -9.722904822400210145e-01
1.041123134841030057e-01 -9.722904652325270458e-01 2.093128696447119907e-01
-2.093128327302430092e-01 -1.041122869677409968e-01 -9.722904760187609519e-01
-9.722904898743209845e-01 2.093128430095149983e-01 1.041121369064520047e-01
-1.041121139356659953e-01 -9.722904986931479865e-01 -2.093128134703589882e-01
-9.722904731918390331e-01 -2.093128459198460023e-01 -1.041122868509029992e-01
-1.041122672183029951e-01 9.722904885288210508e-01 2.093127844424509942e-01
9.722904817751359952e-01 -2.093128321297559880e-01 1.041122344169770064e-01
1.041121379259439955e-01 9.722904741230700143e-01 -2.093129156693989967e-01
9.722904793402350476e-01 2.093128733862769930e-01 -1.041121742118390064e-01
2.093128410620030133e-01 -1.041121125127480035e-01 9.722904929056369605e-01
-2.093128440345410068e-01 1.041123405685829978e-01 9.722904678456449901e-01
7.216954859266859756e-01 2.018658593239520127e-01 6.621221944871259479e-01
2.018658476700080084e-01 6.621222367138229759e-01 7.216954504453759744e-01
-7.216954812433069577e-01 -2.018659176078649864e-01 6.621221818224539701e-01
6.621221744706410339e-01 7.216955152720230249e-01 2.018658200650109980e-01
-2.018657954984980074e-01 6.621221524532080460e-01 -7.216955423435069683e-01
6.621222113116119745e-01 -7.216954884059559872e-01 -2.018657952757479945e-01
-2.018659274163679962e-01 -6.621221559436889503e-01 7.216955022423310329e-01
-6.621221805786110526e-01 -7.216954767108340052e-01 2.018659378918249980e-01
2.018657784381520104e-01 -6.621222331251309656e-01 -7.216954731027129810e-01
-6.621222050543109638e-01 7.216954819099530294e-01 -2.018658390237849931e-01
7.216955143195199485e-01 -2.018658601738680114e-01 -6.621221632805750490e-01
-7.216954698705330129e-01 2.018658552786619931e-01 -6.621222132212180034e-01
2.909513949025079871e-01 9.525402267083380448e-01 8.952319423877200255e-02
9.525402054284579645e-01 8.952334037530300381e-02 2.909514196053319957e-01
-2.909513518067470272e-01 -9.525402322262780386e-01 8.952327558872399949e-02
8.952330531095599453e-02 2.909515193230889918e-01 9.525401782653509786e-01
-9.525401853042839706e-01 8.952329062954199335e-02 -2.909515007958179966e-01
8.952334408841100544e-02 -2.909514744852920165e-01 -9.525401883165159900e-01
-9.525402313073559890e-01 -8.952325749572299929e-02 2.909513603822520000e-01
-8.952325360039199709e-02 -2.909513274149480022e-01 9.525402417432450308e-01
9.525402156423889988e-01 -8.952326497831900043e-02 -2.909514093651600075e-01
-8.952322950287699976e-02 2.909513490841080241e-01 -9.525402373892210006e-01
2.909515097957089957e-01 -9.525401825773669451e-01 -8.952329039458900573e-02
-2.909514509812399785e-01 9.525401910066130240e-01 -8.952339185372500119e-02
5.773502001377950332e-01 5.773503445871660533e-01 5.773502628439080020e-01
-5.773502548306790327e-01 -5.773502589377710326e-01 5.773502938004260177e-01
-5.773502892836009925e-01 5.773502031972069792e-01 -5.773503150880640034e-01
5.773503028560520445e-01 -5.773503156854670193e-01 -5.773501890273510240e-01
