8.812288857973099576e-01 -3.302544071803649728e-01 3.381829052071920194e-01
-3.302544071803419912e-01 3.381829052072889974e-01 8.812288857972819800e-01
-8.812288857972739864e-01 3.302544071803300008e-01 3.381829052073220265e-01
3.381829052072249930e-01 8.812288857972909728e-01 -3.302544071803840131e-01
3.302544071803389936e-01 3.381829052072680142e-01 -8.812288857972909728e-01
3.381829052072419795e-01 -8.812288857972739864e-01 3.302544071804099923e-01
3.302544071804580095e-01 -3.381829052072309882e-01 8.812288857972609968e-01
-3.381829052072590214e-01 -8.812288857972899736e-01 -3.302544071803499848e-01
-3.302544071804159875e-01 -3.381829052073039854e-01 -8.812288857972480072e-01
-3.381829052072379826e-01 8.812288857972859768e-01 3.302544071803840131e-01
8.812288857972500056e-01 3.302544071803750203e-01 -3.381829052073400121e-01
-8.812288857972829792e-01 -3.302544071804069947e-01 -3.381829052072229946e-01
-6.113041203570499516e-01 9.585687603924800126e-02 7.855690496388519906e-01
9.585687603909100185e-02 7.855690496388579858e-01 -6.113041203570680482e-01
6.113041203571669691e-01 -9.585687603921100308e-02 7.855690496387659483e-01
7.855690496388400001e-01 -6.113041203570830362e-01 9.585687603914200272e-02
-9.585687603909300025e-02 7.855690496388489930e-01 6.113041203570790394e-01
7.855690496388190169e-01 6.113041203570900306e-01 -9.585687603926799916e-02
-9.585687603917800170e-02 -7.855690496388300081e-01 -6.113041203570900306e-01
-7.855690496388749722e-01 6.113041203570219739e-01 9.585687603923699618e-02
9.585687603918199851e-02 -7.855690496387880417e-01 6.113041203571429882e-01
-7.855690496388220145e-01 -6.113041203571110138e-01 -9.585687603911299814e-02
-6.113041203571260018e-01 -9.585687603922700417e-02 -7.855690496387960353e-01
6.113041203570339643e-01 9.585687603918599531e-02 -7.855690496388729738e-01
-6.998953385508990266e-01 3.878816312584409953e-01 5.997452419211120045e-01
3.878816312582690218e-01 5.997452419211279917e-01 -6.998953385509809610e-01
6.998953385509869562e-01 -3.878816312584150161e-01 5.997452419210259622e-01
5.997452419211010133e-01 -6.998953385509689706e-01 3.878816312583310277e-01
-3.878816312582599735e-01 5.997452419211479757e-01 6.998953385509679714e-01
5.997452419210459462e-01 6.998953385509599778e-01 -3.878816312584330017e-01
-3.878816312583709958e-01 -5.997452419211409813e-01 -6.998953385509130154e-01
-5.997452419210670405e-01 6.998953385509699698e-01 3.878816312583829862e-01
3.878816312583719950e-01 -5.997452419210930197e-01 6.998953385509529834e-01
-5.997452419211080077e-01 -6.998953385509829594e-01 -3.878816312582960002e-01
-6.998953385509639746e-01 -3.878816312584150161e-01 -5.997452419210530516e-01
6.998953385508960290e-01 3.878816312583809878e-01 -5.997452419211539709e-01
-9.678346285368919499e-01 -2.510234296719620062e-01 1.683358430581100018e-02
-2.510234296720140201e-01 1.683358430575999931e-02 -9.678346285368799595e-01
9.678346285368939483e-01 2.510234296719620062e-01 1.683358430571500058e-02
1.683358430576399958e-02 -9.678346285369040514e-01 -2.510234296719209834e-01
2.510234296720399993e-01 1.683358430584799836e-02 9.678346285368719659e-01
1.683358430574199982e-02 9.678346285369210378e-01 2.510234296718559799e-01
2.510234296718329983e-01 -1.683358430577100093e-02 -9.678346285369270330e-01
-1.683358430579800016e-02 9.678346285369080482e-01 -2.510234296719019986e-01
-2.510234296718790170e-01 -1.683358430577600040e-02 9.678346285369150426e-01
-1.683358430576099851e-02 -9.678346285368979451e-01 2.510234296719460190e-01
-9.678346285369180402e-01 2.510234296718710234e-01 -1.683358430573100167e-02
9.678346285368990554e-01 -2.510234296719329739e-01 -1.683358430586200105e-02
4.910099565141999856e-01 2.564385784240840183e-01 8.325553904094059599e-01
2.564385784240920119e-01 8.325553904094900037e-01 4.910099565140529920e-01
-4.910099565140709776e-01 -2.564385784240220123e-01 8.325553904095009949e-01
8.325553904094630253e-01 4.910099565141319844e-01 2.564385784240290067e-01
-2.564385784241460242e-01 8.325553904094440405e-01 -4.910099565141030076e-01
8.325553904094290525e-01 -4.910099565141359812e-01 -2.564385784241319799e-01
-2.564385784240340027e-01 -8.325553904094490365e-01 4.910099565141530231e-01
-8.325553904094300517e-01 -4.910099565141259892e-01 2.564385784241480226e-01
2.564385784240730271e-01 -8.325553904094620261e-01 -4.910099565141110012e-01
-8.325553904094949997e-01 4.910099565140709776e-01 -2.564385784240419963e-01
4.910099565140400024e-01 -2.564385784240479915e-01 -8.325553904095119861e-01
-4.910099565141650135e-01 2.564385784240730271e-01 -8.325553904094300517e-01
9.639187401358100260e-01 -3.545521080379800127e-02 -2.638249238450580125e-01
-3.545521080368799899e-02 -2.638249238449469902e-01 9.639187401358449980e-01
-9.639187401358300100e-01 3.545521080378200018e-02 -2.638249238449890122e-01
-2.638249238450779965e-01 9.639187401358030316e-01 -3.545521080385499735e-02
3.545521080373000011e-02 -2.638249238450369738e-01 -9.639187401358190188e-01
-2.638249238450119938e-01 -9.639187401358210172e-01 3.545521080384200080e-02
3.545521080383200185e-02 2.638249238450069978e-01 9.639187401358230156e-01
2.638249238449970058e-01 -9.639187401358270124e-01 -3.545521080380600182e-02
-3.545521080387299684e-02 2.638249238449870138e-01 -9.639187401358270124e-01
2.638249238450430245e-01 9.639187401358140228e-01 3.545521080380899942e-02
9.639187401358489948e-01 3.545521080382200291e-02 2.638249238449150158e-01
-9.639187401358110252e-01 -3.545521080385700269e-02 2.638249238450480205e-01
7.333812784946299734e-01 -3.999498991326739805e-01 -5.497199091695209594e-01
-3.999498991326709829e-01 -5.497199091694320305e-01 7.333812784946980301e-01
-7.333812784946740493e-01 3.999498991326920216e-01 -5.497199091694490170e-01
-5.497199091695309514e-01 7.333812784946289742e-01 -3.999498991326619901e-01
3.999498991327239961e-01 -5.497199091694640050e-01 -7.333812784946449614e-01
-5.497199091694380257e-01 -7.333812784946319718e-01 3.999498991327840036e-01
3.999498991327469777e-01 5.497199091694889850e-01 7.333812784946139862e-01
5.497199091694620066e-01 -7.333812784946609487e-01 -3.999498991326970176e-01
-3.999498991327269937e-01 5.497199091694719986e-01 -7.333812784946369678e-01
5.497199091694899842e-01 7.333812784946439622e-01 3.999498991326900232e-01
7.333812784947000285e-01 3.999498991326799757e-01 5.497199091694220385e-01
-7.333812784946249774e-01 -3.999498991326679853e-01 5.497199091695319506e-01
5.645053490412039743e-01 8.232127589623640107e-01 6.045216609387699808e-02
8.232127589624329556e-01 6.045216609388599782e-02 5.645053490411009456e-01
-5.645053490411550134e-01 -8.232127589623889907e-01 6.045216609399200330e-02
6.045216609400300145e-02 5.645053490411570118e-01 8.232127589623869923e-01
-8.232127589623989827e-01 6.045216609388900236e-02 -5.645053490411520158e-01
6.045216609393699869e-02 -5.645053490411789943e-01 -8.232127589623770003e-01
-8.232127589623470243e-01 -6.045216609388000262e-02 5.645053490412289543e-01
-6.045216609390800105e-02 -5.645053490410999464e-01 8.232127589624329556e-01
8.232127589623500219e-01 -6.045216609390800105e-02 -5.645053490412209607e-01
-6.045216609394900298e-02 5.645053490411520158e-01 -8.232127589623939867e-01
5.645053490411520158e-01 -8.232127589623979835e-01 -6.045216609389700291e-02
-5.645053490412409447e-01 8.232127589623400299e-01 -6.045216609385799938e-02
