8.457869264225209571e-01 -6.344179816702799624e-02 -5.297354182401610156e-01
-6.344179838924300652e-02 -5.297354183578180109e-01 8.457869263321620146e-01
-8.457869264559499944e-01 6.344179845315199573e-02 -5.297354181525220085e-01
-5.297354183277960260e-01 8.457869263637030066e-01 -6.344179821942899644e-02
6.344179863957899457e-02 -5.297354182489889540e-01 -8.457869263815469552e-01
-5.297354183462810173e-01 -8.457869263525340520e-01 6.344179821398200636e-02
6.344179840361399703e-02 5.297354183028489816e-01 8.457869263655130032e-01
5.297354184680459488e-01 -8.457869262548309841e-01 -6.344179849980000063e-02
-6.344179848955400214e-02 5.297354182733230443e-01 -8.457869263775590341e-01
5.297354184404300392e-01 8.457869262641659613e-01 6.344179860595200449e-02
8.457869263461389453e-01 6.344179834346899693e-02 5.297354183409840322e-01
-8.457869264151189892e-01 -6.344179864712300165e-02 5.297354181944829987e-01
9.299178255594050535e-01 -1.961625960372279931e-01 3.110837083853850160e-01
-1.961625960347830044e-01 3.110837084031750077e-01 9.299178255539699567e-01
-9.299178254913730290e-01 1.961625959704159927e-01 3.110837086308830268e-01
3.110837084122510254e-01 9.299178256159960076e-01 -1.961625957263530007e-01
1.961625961193400047e-01 3.110837087008079815e-01 -9.299178254365659813e-01
3.110837084249660212e-01 -9.299178255947909699e-01 1.961625958067129971e-01
1.961625960628869958e-01 -3.110837085283890135e-01 9.299178255061539833e-01
-3.110837084516189788e-01 -9.299178255080260413e-01 -1.961625961757559877e-01
-1.961625959259820084e-01 -3.110837085712579997e-01 -9.299178255206920207e-01
-3.110837085508029731e-01 9.299178254632609608e-01 1.961625962306760007e-01
9.299178255067600540e-01 1.961625962688370028e-01 -3.110837083967080141e-01
-9.299178254057079984e-01 -1.961625962289879899e-01 -3.110837087239110010e-01
-8.425842437319319700e-01 -4.957997245467160030e-01 -2.103198168363820120e-01
-4.957997242432339857e-01 -2.103198164764170097e-01 -8.425842440003610267e-01
8.425842436124090229e-01 4.957997247692230158e-01 -2.103198167906840110e-01
-2.103198166559049898e-01 -8.425842437347980107e-01 -4.957997246184039919e-01
4.957997245115570162e-01 -2.103198168335330132e-01 8.425842437533319629e-01
-2.103198168535319879e-01 8.425842436586920003e-01 4.957997246639079814e-01
4.957997244429759864e-01 2.103198168109939870e-01 -8.425842437993129597e-01
2.103198166086309995e-01 8.425842439828540309e-01 -4.957997242168999952e-01
-4.957997244594830044e-01 2.103198165105119866e-01 8.425842438646029553e-01
2.103198167713800082e-01 -8.425842438786680377e-01 4.957997243249199770e-01
-8.425842438912799492e-01 4.957997243233089879e-01 2.103198167246519978e-01
8.425842437152990527e-01 -4.957997245803320019e-01 2.103198168237709886e-01
8.967210227265069999e-01 3.110783008580400022e-01 3.148359860873630178e-01
3.110783008831590202e-01 3.148359859477640188e-01 8.967210227668059863e-01
-8.967210227718800386e-01 -3.110783010356060196e-01 3.148359857826840136e-01
3.148359859854750198e-01 8.967210227137449863e-01 3.110783009979459779e-01
-3.110783010382680014e-01 3.148359858714129822e-01 -8.967210227398040301e-01
3.148359860574049818e-01 -8.967210226901639603e-01 -3.110783009931240017e-01
-3.110783009802949861e-01 -3.148359860252760156e-01 8.967210227058950434e-01
-3.148359860388120213e-01 -8.967210227565229896e-01 3.110783008206510214e-01
3.110783010397459858e-01 -3.148359857946460005e-01 -8.967210227662439914e-01
-3.148359860185059866e-01 8.967210227421179569e-01 -3.110783008827269769e-01
8.967210227656630117e-01 -3.110783007821180113e-01 -3.148359860508539998e-01
-8.967210227755350038e-01 3.110783009790720199e-01 -3.148359858281319923e-01
-9.868897831370430085e-01 -1.556209757104680125e-01 4.278630456866799880e-02
-1.556209755644759885e-01 4.278630485634599828e-02 -9.868897831475920146e-01
9.868897831177579905e-01 1.556209757922439874e-01 4.278630471604699670e-02
4.278630482693199927e-02 -9.868897831063819792e-01 -1.556209758339009985e-01
1.556209756898150054e-01 4.278630472462099932e-02 9.868897831335380344e-01
4.278630471528999807e-02 9.868897831054039838e-01 1.556209758707960134e-01
1.556209757056210008e-01 -4.278630466119800330e-02 -9.868897831337960502e-01
-4.278630493883100322e-02 9.868897831528500308e-01 -1.556209755084529966e-01
-1.556209756838999869e-01 -4.278630489662899744e-02 9.868897831270130316e-01
-4.278630487337199695e-02 -9.868897831471740156e-01 1.556209755624440028e-01
-9.868897831582400526e-01 1.556209755379019954e-01 -4.278630470738600117e-02
9.868897831433010026e-01 -1.556209756225080121e-01 -4.278630474425199753e-02
-6.621213446350320275e-01 3.966679645705150081e-01 -6.358064570780820324e-01
3.966679645817440258e-01 -6.358064571597870085e-01 -6.621213445498469463e-01
6.621213446204019526e-01 -3.966679643188010251e-01 -6.358064572503560052e-01
-6.358064571888240035e-01 -6.621213446384459633e-01 3.966679643873100014e-01
-3.966679642673490158e-01 -6.358064573562519639e-01 6.621213445495389704e-01
-6.358064571805569498e-01 6.621213446708249517e-01 -3.966679643465140237e-01
-3.966679643825150037e-01 6.358064572229510381e-01 -6.621213446085479903e-01
6.358064572934529757e-01 6.621213444445049889e-01 3.966679645433329737e-01
3.966679643934259980e-01 6.358064572606959564e-01 6.621213445657669894e-01
6.358064573672019826e-01 -6.621213444685279947e-01 -3.966679643850219983e-01
-6.621213445449559698e-01 -3.966679646355030231e-01 6.358064571313399860e-01
6.621213444876400400e-01 3.966679643403729916e-01 6.358064573751549542e-01
5.813252323810800259e-01 -1.063591479769700060e-01 -8.066899688472000118e-01
-1.063591480100470055e-01 -8.066899690223929831e-01 5.813252321319170024e-01
-5.813252324386920522e-01 1.063591482657510051e-01 -8.066899687676080122e-01
-8.066899689102520199e-01 5.813252322786840454e-01 -1.063591480584119980e-01
1.063591482083880019e-01 -8.066899688511269817e-01 -5.813252323332910310e-01
-8.066899688813939928e-01 -5.813252323264920252e-01 1.063591480159819941e-01
1.063591480180119953e-01 8.066899689011459706e-01 5.813252322987120246e-01
8.066899690639429688e-01 -5.813252320668960138e-01 -1.063591480502930064e-01
-1.063591481404630029e-01 8.066899689427770026e-01 -5.813252322185370469e-01
8.066899689897829573e-01 5.813252321533709521e-01 1.063591481401199995e-01
5.813252322226749591e-01 1.063591479927600003e-01 8.066899689592690326e-01
-5.813252323663959942e-01 -1.063591482932380039e-01 8.066899688160830140e-01
7.360776806079130097e-01 2.910569867380820019e-01 -6.111264014766689678e-01
2.910569864988329924e-01 -6.111264015928109528e-01 7.360776806060900235e-01
-7.360776804538909923e-01 -2.910569864401090223e-01 -6.111264018040960533e-01
-6.111264016179970282e-01 7.360776805204000128e-01 2.910569866626580016e-01
-2.910569864817820207e-01 -6.111264014754079765e-01 -7.360776807103049935e-01
-6.111264014207570261e-01 -7.360776806285870277e-01 -2.910569868031939733e-01
-2.910569866799709859e-01 6.111264013316070054e-01 7.360776807513289555e-01
6.111264013947690366e-01 -7.360776807521549614e-01 2.910569865452620197e-01
2.910569863889960196e-01 6.111264017645410274e-01 -7.360776805069429995e-01
6.111264012913969479e-01 7.360776808278309824e-01 -2.910569865709259907e-01
7.360776806951709883e-01 -2.910569866259209992e-01 6.111264014249879750e-01
-7.360776806182089960e-01 2.910569863726250039e-01 6.111264016383219921e-01
-5.773502691766929651e-01 -5.773502690351279831e-01 -5.773502693570560229e-01
5.773502690443610419e-01 5.773502692662729752e-01 -5.773502692582429541e-01
5.773502691343349591e-01 -5.773502692247339807e-01 5.773502692098080313e-01
-5.773502693139109798e-01 5.773502690394209935e-01 5.773502692155449978e-01
