-6.255209881602540323e-01 -7.673610045544000391e-01 1.409985179364700025e-01
-7.672427413700499965e-01 1.411116382934609892e-01 -6.256405368525179700e-01
6.254929286339919736e-01 7.673366024979469957e-01 1.412555651851609972e-01
1.412599782857530128e-01 -6.254973365383089678e-01 -7.673321969774169471e-01
7.672171775977220110e-01 1.411424450656330043e-01 6.256649363676060061e-01
1.409941047324360097e-01 6.255228978850370103e-01 7.673602587130800012e-01
7.673671213519559497e-01 -1.410034708464950048e-01 -6.255123678051890401e-01
-1.411074217386270035e-01 6.256300078253109742e-01 -7.672521025313510101e-01
-7.673415575795750065e-01 -1.412506125124700085e-01 6.254879682905210014e-01
-1.411466612794939901e-01 -6.256555691710420364e-01 7.672240407957190422e-01
-6.256319160421339731e-01 7.672476983004790085e-01 -1.411229077154559919e-01
6.256599755682079600e-01 -7.672232962446799975e-01 -1.411311754058560131e-01
5.571880480715090123e-01 -4.475345647833599977e-02 -8.291794782913419759e-01
-4.485587811454200269e-02 -8.292832145924939891e-01 5.570254035443199525e-01
-5.570231765605090368e-01 4.489683751234999770e-02 -8.292824939402919648e-01
-8.292769813537900214e-01 5.570303319042050338e-01 -4.490988238058499921e-02
4.500608513202999927e-02 -8.291787590336450187e-01 -5.571687696457080508e-01
-8.291849902738059885e-01 -5.571805246676549972e-01 4.474499788474600032e-02
4.474511262700699848e-02 8.291868870343289677e-01 5.571776927213759611e-01
8.292859037266959721e-01 -5.570225725340149925e-01 -4.484131541096599699e-02
-4.489531964450300255e-02 8.292750865916650449e-01 -5.570343266194679455e-01
8.291760679008749468e-01 5.571727652985150048e-01 4.500619990677900278e-02
5.570150477881700146e-01 4.485436035495000279e-02 8.292902525019150151e-01
-5.571799192991599980e-01 -4.499774138897399967e-02 8.291717197297989728e-01
-2.560655654109130208e-01 8.607703824921130176e-01 4.398917762759059769e-01
8.608171937494519810e-01 4.399428934535150049e-01 -2.558202678543429753e-01
2.559781138440990200e-01 -8.608464350244180441e-01 4.397938386773609931e-01
4.397804109275130213e-01 -2.559784640673999911e-01 8.608531907927869931e-01
-8.608968669378900263e-01 4.397427222396980140e-01 2.558963124660960098e-01
4.399052037052120223e-01 2.560581296938109763e-01 -8.607657323399809934e-01
-8.607663058143230073e-01 -4.398986385971350166e-01 -2.560674804326980025e-01
-4.399515654145459975e-01 2.558296190221410193e-01 8.608099825863290144e-01
8.608459790026740110e-01 -4.397869770942069989e-01 2.559914358201619833e-01
-4.397340492183259841e-01 -2.559092846502780128e-01 -8.608974410391969645e-01
-2.558221826891520223e-01 -8.608167398021460137e-01 -4.399426682200340277e-01
2.559096342559870063e-01 8.608927923347450273e-01 -4.397429467325800201e-01
-2.148474707463119970e-01 -3.239846898907799977e-02 9.761100878082740184e-01
-3.236168906853199856e-02 9.761498728347379750e-01 -2.146721846102969955e-01
2.146533912587149928e-01 3.222968714374899873e-02 9.761583728513260061e-01
9.761568906841749937e-01 -2.146621640237139916e-01 -3.221614667304399660e-02
3.218487197615699930e-02 9.761185894661390527e-01 2.148409488773349862e-01
9.761115692642290398e-01 2.148389643385310022e-01 3.241024144420399933e-02
3.240438731759699709e-02 -9.761127401675889770e-01 -2.148345274044470010e-01
-9.761504697174500089e-01 2.146677480389070081e-01 -3.237311264470599942e-02
-3.222757022524799786e-02 -9.761557221333460044e-01 2.146657631381939935e-01
-9.761179902309550238e-01 -2.148445483512370080e-01 3.217901787241900236e-02
-2.146592411125010091e-01 3.235957222646099890e-02 -9.761527894189130361e-01
2.148533206001199958e-01 -3.219079038364400236e-02 -9.761156712406470204e-01
-5.316579534180749800e-01 -8.273339530941490327e-01 -1.812687248945930030e-01
-8.272321878124060390e-01 -1.811732915871120120e-01 -5.318487998130589922e-01
5.316939693677690260e-01 8.273652744794219860e-01 -1.810199589093320072e-01
-1.810139371845849998e-01 -5.316957717831259922e-01 -8.273654336584780333e-01
8.272650003242399963e-01 -1.811153925205649939e-01 5.318174816895899770e-01
-1.812747464882220050e-01 5.316629623847159980e-01 8.273294148729020137e-01
8.273379129643989582e-01 1.812652358037510070e-01 -5.316529808631980103e-01
1.811784250571890076e-01 5.318388191844239943e-01 -8.272374802330429988e-01
-8.273707254762440177e-01 1.810234483059680044e-01 5.316842989860900426e-01
1.811102586154330063e-01 -5.318060097873780201e-01 8.272734990184800186e-01
-5.318438268704770433e-01 8.272376408031749673e-01 1.811629914142640074e-01
5.318078109206919590e-01 -8.272689621881079702e-01 1.811256923905429916e-01
-6.600529784314530524e-01 -6.410703014238899877e-01 -3.916106922647170085e-01
-6.409432781620240105e-01 -3.914906263600130276e-01 -6.602475321053179469e-01
6.601308161987530232e-01 6.411379932874460286e-01 -3.913685974476169838e-01
-3.913661271946650144e-01 -6.601299904344369862e-01 -6.411403514158809935e-01
6.410141926516800259e-01 -3.914886640099249915e-01 6.601798472922649763e-01
-3.916131622327059802e-01 6.600590826742870343e-01 6.410625075180109711e-01
6.410745322055420026e-01 3.916047718584039772e-01 -6.600523818722060510e-01
3.914935825762260180e-01 6.602408324135059514e-01 -6.409483739081900389e-01
-6.411454466952769549e-01 3.913745185133929994e-01 6.601200666850870480e-01
3.914857068509999816e-01 -6.601699246530760012e-01 6.410262178062029470e-01
-6.602469350652649949e-01 6.409507331154460363e-01 3.914794278831230101e-01
6.601690972978629945e-01 -6.410184249773529519e-01 3.914998618294490140e-01
-8.878095447864510215e-01 -2.962340013095760005e-01 3.521926016460220077e-01
-2.960667920239880013e-01 3.523564025129959920e-01 -8.878003268014289517e-01
8.877394975983099457e-01 2.961730845485540109e-01 3.524203291424820028e-01
3.524163117776850096e-01 -8.877438356676250475e-01 -2.961648619048959930e-01
2.960029751816160015e-01 3.522565288678169981e-01 8.878612372176339917e-01
3.521966187543760229e-01 8.878076464546129642e-01 2.962349146112019938e-01
2.962433087631600181e-01 -3.522028941708699734e-01 -8.878023560177780160e-01
-3.523574352146159883e-01 8.877950378573240542e-01 -2.960814222555849806e-01
-2.961794919204630006e-01 -3.524100372105150036e-01 8.877414456017139743e-01
-3.522554953175360271e-01 -8.878588486443870220e-01 2.960113695493150066e-01
-8.877931373857750330e-01 2.960732001098629884e-01 -3.523691322852040009e-01
8.878631845739850537e-01 -2.960122833498500250e-01 -3.522437985034649888e-01
-2.622350441333199944e-01 -9.631968323160829959e-01 -5.903087196255599883e-02
-9.631467531778790114e-01 -5.898607663366999682e-02 -2.624289896453469995e-01
2.622467591823789967e-01 9.632070203456429835e-01 -5.881218628148700278e-02
-5.880201827075200172e-02 -2.622502022937959754e-01 -9.632067036956030170e-01
9.631574262320919955e-01 -5.885698170873299856e-02 2.624188026763920045e-01
-5.904103993067699729e-02 2.622395302518100157e-01 9.631949877243000113e-01
9.631989104617060260e-01 5.903143538266000107e-02 -2.622272840915769732e-01
5.899352177531599906e-02 2.624167439246010147e-01 -9.631496337000580166e-01
-9.632095835159220076e-01 5.881162296107100146e-02 2.622374710596639957e-01
5.884953642617699737e-02 -2.624060718844200002e-01 9.631613496712859712e-01
-2.624212294120090161e-01 9.631493186694709552e-01 5.897871056935700268e-02
2.624095143628140114e-01 -9.631595066989899756e-01 5.886434767523199968e-02
-7.155075639675859689e-01 -5.512037701387859645e-01 4.292124528598389999e-01
-5.510696074929950505e-01 4.293431805847269800e-01 -7.155324737444880290e-01
7.154222023624230431e-01 5.511295351454289504e-01 4.294500062373780014e-01
4.294508199172309970e-01 -7.154282714111379615e-01 -5.511210227691270003e-01
5.509918383737999470e-01 4.293192792340250197e-01 7.156067010051250232e-01
4.292116388668970051e-01 7.155060331503000359e-01 5.512063910974860370e-01
5.512118694302640121e-01 -4.292194620397150051e-01 -7.154971197744479650e-01
-4.293412473175590161e-01 7.155235615710739960e-01 -5.510826854369940131e-01
-5.511341003106979830e-01 -4.294429977797900033e-01 7.154228925136689732e-01
-4.293212114664219925e-01 -7.156013233111629956e-01 5.509973171080929655e-01
-7.155220290294890262e-01 5.510741739856940269e-01 -4.293547260011320033e-01
7.156073906348100477e-01 -5.509999389950980264e-01 -4.293077330962449811e-01
