8.544032798674690010e-01 -5.053541340072059684e-01 1.208810762424740032e-01
-5.054349175556900331e-01 1.208162198059959946e-01 8.543646675438200111e-01
-8.543867766655619533e-01 5.053247652039459803e-01 1.211202606115420050e-01
1.208333586366209939e-01 8.543977898340150423e-01 -5.053748273977880512e-01
5.053979097545749921e-01 1.211845075248969977e-01 -8.543344005432850219e-01
1.211678917817770040e-01 -8.543595921698919904e-01 5.053593070959080391e-01
5.055502439906059964e-01 -1.210290998832229958e-01 8.542662979320300165e-01
-1.209012300582569949e-01 -8.542712308898999796e-01 -5.055725038451519548e-01
-5.055127430804750022e-01 -1.209718018932919997e-01 -8.542966052431349988e-01
-1.211002217099370060e-01 8.542333106705449763e-01 5.055889508708080182e-01
8.542280860180769819e-01 5.056228637404399651e-01 -1.209954409091879984e-01
-8.542442519150009739e-01 -5.055933391780419450e-01 -1.210046835828190032e-01
-2.649878987783749751e-01 8.838136985753619612e-01 -3.855577255244170276e-01
8.838495436614179912e-01 -3.855147723237870028e-01 -2.649308296322679945e-01
2.649355775867899832e-01 -8.837175312641120106e-01 -3.858140286008490127e-01
-3.855859698282140258e-01 -2.649918821321199935e-01 8.838001823238730292e-01
-8.837292209025739975e-01 -3.858572041282209986e-01 2.648336877084960239e-01
-3.857855708943260242e-01 2.648743412798280072e-01 -8.837483106752259676e-01
-8.838853342582799755e-01 3.855799306321350262e-01 -2.647165143636620033e-01
3.857055651888329773e-01 2.647713629503999910e-01 8.838140881111540281e-01
8.837647796773470121e-01 3.857919932898060122e-01 2.648100302392800143e-01
3.856671594356380073e-01 -2.646531289490929861e-01 -8.838662588142509602e-01
-2.646569340063700260e-01 -8.838970336929440341e-01 3.855940107304079989e-01
2.647089806257060252e-01 8.838007658213300477e-01 3.857789028831529743e-01
-9.733521648930310022e-01 2.280262392539509908e-01 2.428162494047399894e-02
2.281123458869259990e-01 2.434454914745700152e-02 -9.733304169606380452e-01
9.733554428092020538e-01 -2.280321804631889882e-01 2.409370513031499836e-02
2.435678809851999846e-02 -9.733428333593150406e-01 2.280580531829239921e-01
-2.281196464116130029e-01 2.403159282358800081e-02 9.733364831687969509e-01
2.401983627102699873e-02 9.733503190618909562e-01 -2.280618421560859921e-01
-2.282433008441409894e-01 -2.410134029444700038e-02 -9.733057695379100371e-01
-2.432552782893800114e-02 9.732858593312290196e-01 2.283044124008880016e-01
2.282511002315089910e-01 -2.427391182448099954e-02 9.732996519304030203e-01
-2.405063099923099995e-02 -9.732933319509690095e-01 -2.283016800821220105e-01
-9.732840684188760472e-01 -2.283305892567409900e-01 -2.415086275208100028e-02
9.732807668974420290e-01 2.283367922856280041e-01 -2.422515379181500172e-02
1.764941643605970056e-01 -6.439159617576869499e-01 7.444609084030719970e-01
-6.439554747347649988e-01 7.444298798961950236e-01 1.764808785020650084e-01
-1.763945457957580010e-01 6.437302463633759464e-01 7.446451061616230493e-01
7.444821769849420123e-01 1.765407684656810083e-01 -6.438785950948430203e-01
6.437221735449969451e-01 7.446755654083020426e-01 -1.762953929356370075e-01
7.446232602985000115e-01 -1.763087546453890042e-01 6.437790174103420471e-01
6.439796469919020216e-01 -7.444731281720969873e-01 1.762100328864329990e-01
-7.445688151995639714e-01 -1.763819450908200026e-01 -6.438219387985280040e-01
-6.437453004186960426e-01 -7.446323171490739634e-01 -1.763935952523330020e-01
-7.445366073086630010e-01 1.761491742553250028e-01 6.439229059339890426e-01
1.761957070235800060e-01 6.439711185624940049e-01 -7.444838959197369599e-01
-1.762957903461830067e-01 -6.437847990685869881e-01 -7.446213311438469873e-01
-5.382680916693569628e-01 -7.144430972079279796e-01 4.470330215348439773e-01
-7.144085713422340111e-01 4.470401217976179842e-01 -5.383080184206050500e-01
5.383282112194379687e-01 7.143316685506839736e-01 4.471386857686069916e-01
4.471201978095989960e-01 -5.382526202846059649e-01 -7.144001997952279526e-01
7.142693383899240134e-01 4.471311678997200167e-01 5.384171532637620494e-01
4.470507600303290086e-01 5.383906456527830509e-01 7.143396465476939960e-01
7.143353780369110506e-01 -4.469080442623900029e-01 -5.385147794243240194e-01
-4.472169730606699867e-01 5.384307414350789633e-01 -7.142053736035059996e-01
-7.141970542020019685e-01 -4.472644791667069741e-01 5.384023156013699740e-01
-4.469551475186520073e-01 -5.385686162875320537e-01 7.142653160112939492e-01
-5.385531358716100225e-01 7.142734853458999611e-01 -4.469607454516280054e-01
5.384924234925470010e-01 -7.141627498790129591e-01 -4.472107741617700194e-01
-8.542625591715190536e-01 -1.211967864813340012e-01 5.055163884033080368e-01
-1.211352259177739948e-01 5.055628408198979962e-01 -8.542438006939030437e-01
8.543309414267219459e-01 1.210719374548010069e-01 5.054307355927919465e-01
5.056009275709699713e-01 -8.542205006653179611e-01 -1.211405724044099935e-01
1.209804838657270037e-01 5.053853800887539993e-01 8.543707275627839826e-01
5.053474173253790225e-01 8.543800060355529746e-01 1.210735028371490024e-01
1.210201874725290033e-01 -5.053486406391459740e-01 -8.543868360574620180e-01
-5.056166845687339872e-01 8.542509316027460109e-01 -1.208598946779390060e-01
-1.208657310279020042e-01 -5.055984823689040342e-01 8.542608791752970276e-01
-5.053307603087600075e-01 -8.544103980209299953e-01 1.209284682756169987e-01
-8.543680863966890415e-01 1.209284250962590068e-01 -5.054023040614260553e-01
8.543001861498960015e-01 -1.208044489183889986e-01 -5.055467110621699733e-01
7.444632973046909630e-01 6.439458791655150449e-01 1.763748952430030104e-01
6.438740925860959585e-01 1.763526546392769900e-01 7.445306535651250446e-01
-7.444394383517559666e-01 -6.439896739556449923e-01 1.763156897868830009e-01
1.762725384812350027e-01 7.444994067041239560e-01 6.439321591554409974e-01
-6.439272279941870014e-01 1.763373486135990098e-01 -7.444883239726789448e-01
1.764171560921339865e-01 -7.444453593527009527e-01 -6.439550403363509812e-01
-6.437732764367419813e-01 -1.765375814946369970e-01 7.445740063055700242e-01
-1.761862890755309941e-01 -7.446599355387569785e-01 6.437701235264090549e-01
6.438276103095119662e-01 -1.761530561791470051e-01 -7.446180960746859867e-01
-1.765038577432470057e-01 7.446064263886380541e-01 -6.437450255982509750e-01
7.446425637975280232e-01 -6.437113057563880192e-01 -1.764743806405069948e-01
-7.446660895457379858e-01 6.437550517808310335e-01 -1.762153466282649905e-01
-2.283360715319860124e-01 9.732852424848990047e-01 -2.405151135480499899e-02
9.733064515717200216e-01 -2.400727784605000137e-02 -2.282503054527859898e-01
2.283331981063670135e-01 -9.732791056699989785e-01 -2.432556492099900020e-02
-2.408702223521400065e-02 -2.283063346170040031e-01 9.732913402129850233e-01
-9.732989361424010388e-01 -2.436839438764100071e-02 2.282440848281470092e-01
-2.428855197935899865e-02 2.282995532397890104e-01 -9.732879225764899944e-01
-9.733371742315819475e-01 2.406421970882400077e-02 -2.281132582483620108e-01
2.421829905214099854e-02 2.280639631571710069e-01 9.733449042862789558e-01
9.733297074180570219e-01 2.431156319331100046e-02 2.281188912663230095e-01
2.415744670603299851e-02 -2.280561009745210033e-01 -9.733482586294299743e-01
-2.280265869033880066e-01 -9.733570472797149487e-01 2.408182252460000158e-02
2.280302830467680064e-01 9.733509134612350344e-01 2.429381151218600043e-02
7.141882216414779938e-01 5.385777705783589830e-01 -4.470672981861090189e-01
5.385274786436979877e-01 -4.470918044321979812e-01 7.142108044234719566e-01
-7.142487687796119644e-01 -5.384672206579189657e-01 -4.471037335716889771e-01
-4.471613350315650215e-01 7.141657502813270053e-01 5.385294992643370193e-01
-5.383895843123189806e-01 -4.470804117879509931e-01 -7.143218888565050495e-01
-4.470109694572089731e-01 -7.143051130884170430e-01 -5.384694964440139842e-01
-5.384320154150550319e-01 4.469136813525910190e-01 7.143942372359659565e-01
4.472327482991629855e-01 -7.143004980317569919e-01 5.382914334822369584e-01
5.382930399261509624e-01 4.472578784152029807e-01 -7.142835524934020297e-01
4.469384509810380157e-01 7.144394343055709973e-01 -5.383514797451629530e-01
7.144166137892710156e-01 -5.383541595409150338e-01 4.469717002751599777e-01
-7.143571305190370424e-01 5.382432243381429782e-01 4.472003147703360049e-01
-8.838226247963699711e-01 2.646362039654440168e-01 3.857787545327179823e-01
2.647035776402780205e-01 3.858370666585499986e-01 -8.837769933511300247e-01
8.838743905237269605e-01 -2.647316811045790086e-01 3.855946042099839821e-01
3.858426620308479937e-01 -8.837798638376970217e-01 2.646858372334470189e-01
-2.648227787783800080e-01 3.855352957965559879e-01 8.838729725108469548e-01
3.855302957630180050e-01 8.839005568372479971e-01 -2.647379773883650200e-01
-2.648230436494790063e-01 -3.856162950490920061e-01 -8.838375577813140094e-01
-3.858066593719060022e-01 8.837138197040249610e-01 2.649586881919759884e-01
2.649414017790059916e-01 -3.857554525672309831e-01 8.837413560754220354e-01
-3.855652667157560276e-01 -8.838346669397210142e-01 -2.649069772919530052e-01
-8.837919506738629583e-01 -2.649137504830990086e-01 -3.856585182892600105e-01
8.837398529718769602e-01 2.650088880255400126e-01 -3.857125374378069793e-01
