2.941452326813350227e-01 -5.459097140548520022e-01 7.845133307926599464e-01
-2.941470995964259871e-01 -5.459139252405400544e-01 -7.845097004036829524e-01
-6.002076727217120489e-01 2.640592386930830093e-01 -7.549989854740309925e-01
6.002080948590849951e-01 2.640553989771090015e-01 7.549999928057400389e-01
-3.681568416303759861e-01 -6.845352273148940236e-01 6.291836476941310430e-01
3.817910737436400193e-02 7.273736341529950522e-01 -6.851787738241470471e-01
3.681568887963669878e-01 -6.845360520238410462e-01 -6.291827228328760180e-01
-3.818124006427899703e-02 7.273754577367269603e-01 6.851767190947459785e-01
7.509275442957109581e-01 3.032973944868169736e-01 -5.866161553482159841e-01
-7.509284383243099992e-01 3.032958066312109735e-01 5.866158318659120408e-01
-2.018710193247000018e-01 9.677077853818210063e-01 1.509626896561480081e-01
2.018743302097150139e-01 9.677068662998610238e-01 -1.509641537534069933e-01
9.582310471980559630e-01 -5.008939271523900338e-02 -2.815747022073090133e-01
-9.582313714726620191e-01 -5.008904727821199970e-02 2.815736601111379911e-01
8.313943195104680495e-01 5.445208274705799489e-01 1.108176607607340020e-01
5.063829768813800092e-01 -8.622725998758550281e-01 7.889501130337000026e-03
-8.313918943689250218e-01 5.445258048475679624e-01 -1.108113975760530029e-01
-5.063877674879789792e-01 -8.622698070042680296e-01 -7.887259813363000846e-03
-7.730939367865470313e-01 -5.796321528524860378e-01 -2.575894646204889837e-01
7.730920378609099641e-01 -5.796360887192150146e-01 2.575863071872350196e-01
-9.038105390481300239e-01 1.874046825441429975e-01 -3.847154720908130265e-01
9.038099907919669995e-01 1.873985853971799898e-01 3.847197301098039812e-01
4.358617601093349725e-01 -8.020642787979169741e-01 4.083104440873019936e-01
-4.358652078145600073e-01 -8.020640429131350446e-01 -4.083072270761409772e-01
-1.132036747707960006e-01 9.431296521517860132e-01 -3.125562145445839879e-01
-7.761878435496200046e-01 -5.980710180855359770e-01 1.996083386332380138e-01
1.132069929902440042e-01 9.431300341856200253e-01 3.125538599267940199e-01
7.761838684878540340e-01 -5.980755044225729566e-01 -1.996103537117089877e-01
-9.731459812088619765e-01 2.227676533367849987e-01 5.797820179914899702e-02
9.731469211268980457e-01 2.227643727223810044e-01 -5.797503037380800223e-02
1.347581233437520065e-01 2.495788358284629915e-01 -9.589320376853509575e-01
-1.347569639439860079e-01 2.495797440241959986e-01 9.589319642401209487e-01
2.068572550762380058e-01 2.873619861960179933e-01 9.352182445353619533e-01
-2.068557822325660100e-01 2.873543294193490194e-01 -9.352209229486420083e-01
4.726974107365219946e-01 7.645899628544300386e-02 -8.779015774960260421e-01
2.527356696567429895e-01 -1.385664497781209925e-01 9.575614968653679560e-01
-4.726980696498540024e-01 7.645783916741100139e-02 8.779013234863880522e-01
-2.527358858972539868e-01 -1.385730508057440025e-01 -9.575604845492099448e-01
-7.917817996003499725e-02 -2.548360818135709804e-01 9.637371982154280259e-01
7.917871413159000005e-02 -2.548389414516790130e-01 -9.637363981651080325e-01
-4.603425039728770152e-01 8.322182306298909760e-01 -3.090268526248730052e-01
4.603463659932410246e-01 8.322176631749920173e-01 3.090226276769599822e-01
9.081693206389499506e-01 -1.387939382069469929e-01 3.949236986649359848e-01
-9.081686123535029909e-01 -1.387877283324389921e-01 -3.949275098043120158e-01
7.727173407025680341e-01 5.323963970770450027e-01 -3.456327353665060165e-01
9.271671844234499749e-02 -9.332089425313040421e-01 3.471666454325469942e-01
-7.727132442720859862e-01 5.324000170109010055e-01 3.456363175554639788e-01
-9.271982663797199986e-02 -9.332089662132070362e-01 -3.471657516626620033e-01
-7.164116050731189622e-01 -4.725679613247180111e-01 5.132581553623449810e-01
7.164115418726200168e-01 -4.725670293542860168e-01 -5.132591016620760005e-01
3.498764308615550100e-01 -8.869218316998009888e-01 -3.015893691459439752e-01
-3.498791332148230016e-01 -8.869204800949580525e-01 3.015902089408299958e-01
-7.686589598089299535e-01 -1.070136125859190018e-01 6.306437110023089820e-01
7.686586561025839925e-01 -1.070122644243979987e-01 -6.306443099412949449e-01
-6.466390479819510428e-01 -4.475188678528519981e-01 -6.177255090577830066e-01
-4.030847330111290150e-01 7.768627268809310538e-01 4.837427018534449785e-01
6.466384225397410201e-01 -4.475224007365710133e-01 6.177236043201620452e-01
4.030860932332380187e-01 7.768621940360189715e-01 -4.837424241468890052e-01
6.663092952323209639e-01 5.505339899921259939e-01 5.029356310208680236e-01
-6.663097754716500454e-01 5.505362717005739537e-01 -5.029324971136299727e-01
3.402251737458999916e-03 -7.018198471021880325e-01 -7.123463531854260511e-01
-3.401446264410999849e-03 -7.018186342975789582e-01 7.123475519126819533e-01
-4.026376214682250154e-01 -3.343936394690339986e-01 8.520937974548720151e-01
4.026380241403749727e-01 -3.343933755102350136e-01 -8.520937107684849465e-01
-6.214948920605829485e-01 -9.599051067782600477e-02 -7.775152223605750201e-01
-3.947999907202000003e-01 5.080247551438710207e-01 7.655349864560989648e-01
6.214951850593849469e-01 -9.599543925006999434e-02 7.775143796684319542e-01
3.948001581381270220e-01 5.080272717509749514e-01 -7.655332300373189902e-01
2.847949608166679969e-01 6.360449566091089801e-01 7.171740677586919688e-01
-2.847941806447660262e-01 6.360404484649120338e-01 -7.171783757109729818e-01
-2.244632444999999925e-06 -9.999999999974420462e-01 2.794054950000000018e-07
-9.569574525300470480e-01 -2.897238214460959860e-01 -1.710383974066799831e-02
9.569563064587259804e-01 -2.897278771599520186e-01 1.709926095656999837e-02
-5.742798702990410398e-01 8.142073260014199843e-01 8.525878755257400299e-02
5.742851921828849848e-01 8.142033690062290274e-01 -8.526072916867399876e-02
