-2.515812993559379818e-01 9.657024628131559707e-01 -6.423085809004400182e-02
9.657024628129730059e-01 -6.423085809016300385e-02 -2.515812993566090006e-01
2.515812993562099864e-01 -9.657024628130760346e-01 -6.423085809018400094e-02
-6.423085809003699354e-02 -2.515812993564690014e-01 9.657024628130179700e-01
-9.657024628129879940e-01 -6.423085809021200632e-02 2.515812993565400002e-01
-6.423085809028300508e-02 2.515812993562129840e-01 -9.657024628130680410e-01
-9.657024628131289923e-01 6.423085809034999316e-02 -2.515812993559620181e-01
6.423085809020899484e-02 2.515812993563220079e-01 9.657024628130449484e-01
9.657024628130900235e-01 6.423085808991099710e-02 2.515812993562259736e-01
6.423085809020000203e-02 -2.515812993563000255e-01 -9.657024628130510546e-01
-2.515812993566000078e-01 -9.657024628129919908e-01 6.423085808991900458e-02
2.515812993565160194e-01 9.657024628129809996e-01 6.423085809040199323e-02
-7.742655338457720138e-01 3.815151823433969858e-01 -5.049346975005829519e-01
3.815151823431969791e-01 -5.049346975006570037e-01 -7.742655338458229730e-01
7.742655338455830538e-01 -3.815151823433859946e-01 -5.049346975008830452e-01
-5.049346975007970029e-01 -7.742655338456809755e-01 3.815151823433000078e-01
-3.815151823431530143e-01 -5.049346975008049965e-01 7.742655338457480330e-01
-5.049346975006220317e-01 7.742655338458870329e-01 -3.815151823431139899e-01
-3.815151823432719747e-01 5.049346975008830452e-01 -7.742655338456390091e-01
5.049346975008079941e-01 7.742655338456150282e-01 3.815151823434190237e-01
3.815151823434900225e-01 5.049346975006210325e-01 7.742655338457029579e-01
5.049346975005799543e-01 -7.742655338458059866e-01 -3.815151823433329814e-01
-7.742655338457189451e-01 -3.815151823433209910e-01 5.049346975007229510e-01
7.742655338458940273e-01 3.815151823429799860e-01 5.049346975007109606e-01
6.218920898658569785e-01 4.517167996942609842e-01 -6.396891131137469877e-01
4.517167996941909847e-01 -6.396891131139179620e-01 6.218920898657309682e-01
-6.218920898656480345e-01 -4.517167996942250130e-01 -6.396891131139760267e-01
-6.396891131139009756e-01 6.218920898654990426e-01 4.517167996945349873e-01
-4.517167996940080199e-01 -6.396891131137999453e-01 -6.218920898659859864e-01
-6.396891131138789932e-01 -6.218920898656550289e-01 -4.517167996943510233e-01
-4.517167996943470265e-01 6.396891131136750452e-01 6.218920898658689689e-01
6.396891131137879549e-01 -6.218920898659949792e-01 4.517167996940130159e-01
4.517167996945870012e-01 6.396891131139550435e-01 -6.218920898654060059e-01
6.396891131140609588e-01 6.218920898659000551e-01 -4.517167996937569985e-01
6.218920898658889529e-01 -4.517167996942810237e-01 6.396891131137010245e-01
-6.218920898658979457e-01 4.517167996937129781e-01 6.396891131140940434e-01
2.818110426750909947e-01 8.580478476961970191e-01 -4.293441827838139768e-01
8.580478476964079615e-01 -4.293441827836589897e-01 2.818110426746879837e-01
-2.818110426751139763e-01 -8.580478476963060430e-01 -4.293441827835809965e-01
-4.293441827833149871e-01 2.818110426749469988e-01 8.580478476964950030e-01
-8.580478476963859791e-01 -4.293441827833289759e-01 -2.818110426752569730e-01
-4.293441827839790115e-01 -2.818110426747930108e-01 -8.580478476962130063e-01
-8.580478476961359569e-01 4.293441827839479807e-01 2.818110426750750075e-01
4.293441827835740021e-01 -2.818110426750020103e-01 8.580478476963470102e-01
8.580478476964300549e-01 4.293441827834320046e-01 -2.818110426749639852e-01
4.293441827834070246e-01 2.818110426754000253e-01 -8.580478476963000478e-01
2.818110426747800212e-01 -8.580478476965149870e-01 4.293441827833829882e-01
-2.818110426751930242e-01 8.580478476962269951e-01 4.293441827836880220e-01
-6.496120041073689677e-01 -6.153110840694709927e-01 4.465383678261700129e-01
-6.153110840695750205e-01 4.465383678265439915e-01 -6.496120041070140294e-01
6.496120041073379925e-01 6.153110840692740391e-01 4.465383678264869816e-01
4.465383678262899725e-01 -6.496120041072339646e-01 -6.153110840695259487e-01
6.153110840696309758e-01 4.465383678261889977e-01 6.496120041072049878e-01
4.465383678263000200e-01 6.496120041072229734e-01 6.153110840695309447e-01
6.153110840693369887e-01 -4.465383678262699885e-01 -6.496120041074280316e-01
-4.465383678262480061e-01 6.496120041073459861e-01 -6.153110840694390182e-01
-6.153110840693729600e-01 -4.465383678265359979e-01 6.496120041072109830e-01
-4.465383678262859757e-01 -6.496120041073030205e-01 6.153110840694570038e-01
-6.496120041071210549e-01 6.153110840697230133e-01 -4.465383678261830025e-01
6.496120041071250517e-01 -6.153110840695510397e-01 -4.465383678264149836e-01
9.933631163195030256e-01 -1.134687281482460036e-01 -1.882994605477500069e-02
-1.134687281480350057e-01 -1.882994605463899837e-02 9.933631163195290048e-01
-9.933631163195230096e-01 1.134687281482039956e-01 -1.882994605396400012e-02
-1.882994605390300030e-02 9.933631163195539848e-01 -1.134687281479429960e-01
1.134687281480659948e-01 -1.882994605432300114e-02 -9.933631163195320024e-01
-1.882994605474299851e-02 -9.933631163195330016e-01 1.134687281479860033e-01
1.134687281482189974e-01 1.882994605448500003e-02 9.933631163195110192e-01
1.882994605434400170e-02 -9.933631163195100200e-01 -1.134687281482539972e-01
-1.134687281481780025e-01 1.882994605424600024e-02 -9.933631163195210112e-01
1.882994605448500003e-02 9.933631163195030256e-01 1.134687281482869986e-01
9.933631163195399960e-01 1.134687281479850041e-01 1.882994605438199909e-02
-9.933631163195310032e-01 -1.134687281480370041e-01 1.882994605454199957e-02
2.463988858915689972e-01 -7.208015696498040192e-01 6.478677999575009894e-01
-7.208015696493920155e-01 6.478677999578860147e-01 2.463988858917620095e-01
-2.463988858916819902e-01 7.208015696496320457e-01 6.478677999576489821e-01
6.478677999574370405e-01 2.463988858916630054e-01 -7.208015696498289993e-01
7.208015696498639713e-01 6.478677999575770396e-01 -2.463988858911919932e-01
6.478677999576579749e-01 -2.463988858916789926e-01 7.208015696496250513e-01
7.208015696496560265e-01 -6.478677999577340252e-01 2.463988858913890023e-01
-6.478677999579040003e-01 -2.463988858914329949e-01 -7.208015696494890490e-01
-7.208015696498649705e-01 -6.478677999573729807e-01 -2.463988858917270097e-01
-6.478677999574740110e-01 2.463988858911659863e-01 7.208015696499660008e-01
2.463988858917940117e-01 7.208015696495070346e-01 -6.478677999577450164e-01
-2.463988858914560043e-01 -7.208015696496660185e-01 -6.478677999576970548e-01
-7.935442048021790207e-01 -3.876287734012690001e-01 -4.690751848651830147e-01
-3.876287734013529884e-01 -4.690751848647939926e-01 -7.935442048023679806e-01
7.935442048021710271e-01 3.876287734015360087e-01 -4.690751848649750144e-01
-4.690751848650969724e-01 -7.935442048020340255e-01 -3.876287734016680142e-01
3.876287734016800046e-01 -4.690751848649880040e-01 7.935442048020929784e-01
-4.690751848651100175e-01 7.935442048021039696e-01 3.876287734015119724e-01
3.876287734014249864e-01 4.690751848652979783e-01 -7.935442048020350247e-01
4.690751848650679956e-01 7.935442048023370054e-01 -3.876287734010839814e-01
-3.876287734014909891e-01 4.690751848649309941e-01 7.935442048022189887e-01
4.690751848647840005e-01 -7.935442048022960382e-01 3.876287734015119724e-01
-7.935442048022649519e-01 3.876287734012239805e-01 4.690751848650749900e-01
7.935442048021850159e-01 -3.876287734018230013e-01 4.690751848647150002e-01
1.649450576530029910e-01 -9.583769097171539464e-01 2.330382519605870006e-01
-9.583769097169350104e-01 2.330382519611259862e-01 1.649450576535120006e-01
-1.649450576532379975e-01 9.583769097170009577e-01 2.330382519610479930e-01
2.330382519606679914e-01 1.649450576535040069e-01 -9.583769097170480311e-01
9.583769097171019880e-01 2.330382519605140035e-01 -1.649450576534089996e-01
2.330382519607419878e-01 -1.649450576532880131e-01 9.583769097170670159e-01
9.583769097170989903e-01 -2.330382519608270031e-01 1.649450576529820078e-01
-2.330382519611219894e-01 -1.649450576532260071e-01 -9.583769097169859696e-01
-9.583769097170929951e-01 -2.330382519606319924e-01 -1.649450576532930091e-01
-2.330382519604340119e-01 1.649450576532610069e-01 9.583769097171469520e-01
1.649450576534939872e-01 9.583769097169649864e-01 -2.330382519610149916e-01
-1.649450576534579882e-01 -9.583769097170310447e-01 -2.330382519607689940e-01
5.604842504669760306e-01 8.132526494836950226e-01 -1.564529740408339975e-01
8.132526494836900266e-01 -1.564529740414460079e-01 5.604842504668130498e-01
-5.604842504672400416e-01 -8.132526494834310116e-01 -1.564529740412629877e-01
-1.564529740410300074e-01 5.604842504670469738e-01 8.132526494836089803e-01
-8.132526494838200337e-01 -1.564529740407260006e-01 -5.604842504668260394e-01
-1.564529740410970093e-01 -5.604842504667779668e-01 -8.132526494837809539e-01
-8.132526494836299635e-01 1.564529740409670022e-01 5.604842504670349834e-01
1.564529740412849979e-01 -5.604842504670529690e-01 8.132526494835550235e-01
8.132526494834809716e-01 1.564529740411509939e-01 -5.604842504671989634e-01
1.564529740408809877e-01 5.604842504669960146e-01 -8.132526494836720410e-01
5.604842504668360315e-01 -8.132526494837369890e-01 1.564529740411219894e-01
-5.604842504667399972e-01 8.132526494838230313e-01 1.564529740410179892e-01
3.666300586513119852e-01 9.220188325509329763e-01 -1.243530157042820050e-01
9.220188325508800187e-01 -1.243530157047619961e-01 3.666300586512840076e-01
-3.666300586517610149e-01 -9.220188325507080451e-01 -1.243530157046290052e-01
-1.243530157043769985e-01 3.666300586515769955e-01 9.220188325508149596e-01
-9.220188325509329763e-01 -1.243530157042029988e-01 -3.666300586513410176e-01
-1.243530157045339979e-01 -3.666300586511109794e-01 -9.220188325509790506e-01
-9.220188325508830163e-01 1.243530157044780010e-01 3.666300586513719928e-01
1.243530157046300044e-01 -3.666300586515370274e-01 9.220188325507969740e-01
9.220188325507450156e-01 1.243530157044629991e-01 -3.666300586517229898e-01
1.243530157042990053e-01 3.666300586515630067e-01 -9.220188325508309468e-01
3.666300586512860060e-01 -9.220188325509229843e-01 1.243530157044380052e-01
-3.666300586512289961e-01 9.220188325509379723e-01 1.243530157044920037e-01
-8.046719536517350502e-01 -7.083625075572699825e-02 5.894788143650050438e-01
-7.083625075605799737e-02 5.894788143650030454e-01 -8.046719536517069615e-01
8.046719536519210125e-01 7.083625075538299565e-02 5.894788143647919920e-01
5.894788143647260448e-01 -8.046719536519409965e-01 -7.083625075571399476e-02
7.083625075593899534e-02 5.894788143647760048e-01 8.046719536518840421e-01
5.894788143650180334e-01 8.046719536517149551e-01 7.083625075584600028e-02
7.083625075560100182e-02 -5.894788143648109768e-01 -8.046719536518880389e-01
-5.894788143647839984e-01 8.046719536518840421e-01 -7.083625075587500486e-02
-7.083625075555100015e-02 -5.894788143649439816e-01 8.046719536517950022e-01
-5.894788143649779544e-01 -8.046719536517590310e-01 7.083625075567000218e-02
-8.046719536518359694e-01 7.083625075619300049e-02 -5.894788143648109768e-01
8.046719536517310534e-01 -7.083625075576399643e-02 -5.894788143650060430e-01
-8.305971377714630455e-01 -4.813562216367219815e-01 2.800081831259090270e-01
-4.813562216367630042e-01 2.800081831263239729e-01 -8.305971377712989545e-01
8.305971377714670423e-01 4.813562216366280011e-01 2.800081831260560206e-01
2.800081831258640075e-01 -8.305971377713430304e-01 -4.813562216369560165e-01
4.813562216370749769e-01 2.800081831258989795e-01 8.305971377712619841e-01
2.800081831260040066e-01 8.305971377713510240e-01 4.813562216368589830e-01
4.813562216366529811e-01 -2.800081831258590115e-01 -8.305971377715199999e-01
-2.800081831260120002e-01 8.305971377715199999e-01 -4.813562216365639967e-01
-4.813562216367410218e-01 -2.800081831261119758e-01 8.305971377713839976e-01
-2.800081831260530230e-01 -8.305971377713140535e-01 4.813562216368940105e-01
-8.305971377713660120e-01 4.813562216368399982e-01 -2.800081831259940146e-01
8.305971377711940384e-01 -4.813562216370290137e-01 -2.800081831261779786e-01
6.225761054046420329e-01 2.744190843023600057e-02 -7.820779594393989509e-01
2.744190843027599983e-02 -7.820779594394310363e-01 6.225761054046009546e-01
-6.225761054049629983e-01 -2.744190843004500058e-02 -7.820779594391500389e-01
-7.820779594391179534e-01 6.225761054049879784e-01 2.744190843039700026e-02
-2.744190843020100079e-02 -7.820779594392960332e-01 -6.225761054047740384e-01
-7.820779594394080547e-01 -6.225761054046280440e-01 -2.744190843028899984e-02
-2.744190843023799897e-02 7.820779594392209821e-01 6.225761054048659648e-01
7.820779594392629486e-01 -6.225761054048200016e-01 2.744190843008300143e-02
2.744190843041900002e-02 7.820779594392690548e-01 -6.225761054047980192e-01
7.820779594394510204e-01 6.225761054045909626e-01 -2.744190842992800042e-02
6.225761054047880272e-01 -2.744190843037999997e-02 7.820779594392780476e-01
-6.225761054045719778e-01 2.744190842986799980e-02 7.820779594394680068e-01
-9.318695934738699949e-01 3.187128632820320218e-01 -1.733238919982290072e-01
3.187128632819439811e-01 -1.733238919982580117e-01 -9.318695934738939757e-01
9.318695934737439845e-01 -3.187128632820510066e-01 -1.733238919988709936e-01
-1.733238919988409898e-01 -9.318695934738360220e-01 3.187128632817989859e-01
-3.187128632819239971e-01 -1.733238919986170024e-01 9.318695934738340236e-01
-1.733238919982449944e-01 9.318695934739750220e-01 -3.187128632817139984e-01
-3.187128632819969942e-01 1.733238919985150006e-01 -9.318695934738280284e-01
1.733238919985010118e-01 9.318695934738010500e-01 3.187128632820839802e-01
3.187128632820889762e-01 1.733238919985390092e-01 9.318695934737929454e-01
1.733238919984430026e-01 -9.318695934738240316e-01 -3.187128632820500074e-01
-9.318695934738649989e-01 -3.187128632819279939e-01 1.733238919984479987e-01
9.318695934738969733e-01 3.187128632818019836e-01 1.733238919985030102e-01
8.838481768527030047e-01 2.014238044752129919e-01 4.221858018276850033e-01
2.014238044757029888e-01 4.221858018276610225e-01 8.838481768526019744e-01
-8.838481768525340287e-01 -2.014238044755539969e-01 4.221858018278750180e-01
4.221858018279099900e-01 8.838481768524839577e-01 2.014238044757009904e-01
-2.014238044754720069e-01 4.221858018277440117e-01 -8.838481768526149640e-01
4.221858018276229974e-01 -8.838481768526470495e-01 -2.014238044755859991e-01
-2.014238044753970114e-01 -4.221858018278329960e-01 8.838481768525899840e-01
-4.221858018279299740e-01 -8.838481768525230375e-01 2.014238044754889934e-01
2.014238044754790014e-01 -4.221858018276820057e-01 -8.838481768526430526e-01
-4.221858018275139734e-01 8.838481768527689519e-01 -2.014238044752799939e-01
8.838481768524759641e-01 -2.014238044756140045e-01 -4.221858018279670000e-01
-8.838481768527099991e-01 2.014238044755629897e-01 -4.221858018275019830e-01
2.042750399564050023e-01 7.187705698842260515e-01 6.645604381236630553e-01
7.187705698843339652e-01 6.645604381234739844e-01 2.042750399566370112e-01
-2.042750399562600072e-01 -7.187705698842650204e-01 6.645604381236640545e-01
6.645604381238100489e-01 2.042750399561560071e-01 7.187705698841599933e-01
-7.187705698843249724e-01 6.645604381235790115e-01 -2.042750399563280084e-01
6.645604381234919700e-01 -2.042750399563730002e-01 -7.187705698843930291e-01
-7.187705698843610547e-01 -6.645604381235540314e-01 2.042750399562799912e-01
-6.645604381235540314e-01 -2.042750399566619912e-01 7.187705698842540292e-01
7.187705698840900492e-01 -6.645604381238020553e-01 -2.042750399564320085e-01
-6.645604381235049596e-01 2.042750399566820030e-01 -7.187705698842929980e-01
2.042750399563759978e-01 -7.187705698841649893e-01 -6.645604381237379954e-01
-2.042750399563670050e-01 7.187705698845380242e-01 -6.645604381233369828e-01
-8.988479274720689860e-01 4.377008233682799787e-01 2.214480756061699973e-02
4.377008233679229865e-01 2.214480756096300074e-02 -8.988479274722339651e-01
8.988479274721820067e-01 -4.377008233680649840e-01 2.214480756026999952e-02
2.214480756031500172e-02 -8.988479274722930290e-01 4.377008233678340021e-01
-4.377008233677660010e-01 2.214480756062299840e-02 8.988479274723190082e-01
2.214480756055900099e-02 8.988479274721600243e-01 -4.377008233680940164e-01
-4.377008233682549987e-01 -2.214480756032699907e-02 -8.988479274720879708e-01
-2.214480756066099926e-02 8.988479274721029588e-01 4.377008233682069815e-01
4.377008233680300120e-01 -2.214480756060700078e-02 8.988479274721909995e-01
-2.214480756073300069e-02 -8.988479274721949963e-01 -4.377008233680150240e-01
-8.988479274722449563e-01 -4.377008233679079985e-01 -2.214480756079599891e-02
8.988479274723130130e-01 4.377008233677779914e-01 -2.214480756063400002e-02
