2 1
6 3
12 5
32 7
48 9
70 11
94 13
120 15
156 17
192 19
234 21
278 23
328 25
380 27
438 29
498 31
564 33
632 35
706 37
782 39
864 41
948 43
1038 45
1130 47
1228 49
1328 51
1434 53
1542 55
1656 57
1772 59
1894 61
2018 63
2148 65
2280 67
2418 69
2558 71
2704 73
2852 75
3006 77
3162 79
3324 81
3488 83
3658 85
3830 87
4008 89
4188 91
4374 93
4562 95
4756 97
4952 99
5154 101
5358 103
5568 105
5780 107
5998 109
6218 111
6444 113
6672 115
6906 117
7142 119
7384 121
7628 123
7878 125
8130 127
8388 129
8648 131
8914 133
9182 135
9456 137
9732 139
10014 141
10298 143
10588 145
10880 147
11178 149
11478 151
11784 153
12092 155
12406 157
12722 159
13044 161
13368 163
13698 165
14030 167
14368 169
14708 171
15054 173
15402 175
15756 177
16112 179
16474 181
16838 183
17208 185
17580 187
17958 189
18338 191
18724 193
19112 195
19506 197
19902 199
20304 201
20708 203
21118 205
21530 207
21948 209
22368 211
22794 213
23222 215
23656 217
24092 219
24534 221
24978 223
25428 225
25880 227
26338 229
26798 231
27264 233
27732 235
28206 237
28682 239
29164 241
29648 243
30138 245
30630 247
31128 249
31628 251
32134 253
32642 255
33156 257
33672 259
34194 261
34718 263
35248 265
35780 267
36318 269
36858 271
37404 273
37952 275
38506 277
39062 279
39624 281
40188 283
40758 285
41330 287
41908 289
42488 291
43074 293
43662 295
44256 297
44852 299
45454 301
46058 303
46668 305
47280 307
47898 309
48518 311
49144 313
49772 315
50406 317
51042 319
51684 321
52328 323
52978 325
