  0.17055E-01 -0.19684E+00  0.44500E+00  0.69800E+00  0.79281E+01
  0.17055E-01 -0.18600E+00  0.44500E+00  0.69800E+00  0.79281E+01
  0.17055E-01 -0.17516E+00  0.44500E+00  0.69800E+00  0.79281E+01
  0.17055E-01 -0.16884E+00  0.44500E+00  0.69800E+00  0.79281E+01
  0.17055E-01 -0.15800E+00  0.44500E+00  0.69800E+00  0.79281E+01
  0.17055E-01 -0.14716E+00  0.44500E+00  0.69800E+00  0.79281E+01
  0.17055E-01 -0.14084E+00  0.44500E+00  0.69800E+00  0.79281E+01
  0.17055E-01 -0.13000E+00  0.44500E+00  0.69800E+00  0.79281E+01
  0.17055E-01 -0.11916E+00  0.44500E+00  0.69800E+00  0.79281E+01
  0.17055E-01 -0.11284E+00  0.44500E+00  0.69800E+00  0.79281E+01
  0.17055E-01 -0.10200E+00  0.44500E+00  0.69800E+00  0.79281E+01
  0.17055E-01 -0.91156E-01  0.44500E+00  0.69800E+00  0.79281E+01
  0.17055E-01 -0.84844E-01  0.44500E+00  0.69800E+00  0.79281E+01
  0.17055E-01 -0.74000E-01  0.44500E+00  0.69800E+00  0.79281E+01
  0.17055E-01 -0.63156E-01  0.44500E+00  0.69800E+00  0.79281E+01
  0.17055E-01 -0.56844E-01  0.44500E+00  0.69800E+00  0.79281E+01
  0.17055E-01 -0.46000E-01  0.44500E+00  0.69800E+00  0.79281E+01
  0.17055E-01 -0.35156E-01  0.44500E+00  0.69800E+00  0.79281E+01
  0.17055E-01 -0.28844E-01  0.44500E+00  0.69800E+00  0.79281E+01
  0.17055E-01 -0.18000E-01  0.44500E+00  0.69800E+00  0.79281E+01
  0.17055E-01 -0.71556E-02  0.44500E+00  0.69800E+00  0.79281E+01
  0.17055E-01 -0.84435E-03  0.44500E+00  0.69800E+00  0.79281E+01
  0.17055E-01  0.10000E-01  0.44500E+00  0.69800E+00  0.79281E+01
  0.17055E-01  0.20844E-01  0.44500E+00  0.69800E+00  0.79281E+01
  0.17055E-01  0.27156E-01  0.44500E+00  0.69800E+00  0.79281E+01
  0.17055E-01  0.38000E-01  0.44500E+00  0.69800E+00  0.79281E+01
  0.17055E-01  0.48844E-01  0.44500E+00  0.69800E+00  0.79281E+01
  0.17055E-01  0.55156E-01  0.44500E+00  0.69800E+00  0.79281E+01
  0.17055E-01  0.66000E-01  0.44500E+00  0.69800E+00  0.79281E+01
  0.17055E-01  0.76844E-01  0.44500E+00  0.69800E+00  0.79281E+01
  0.17055E-01  0.83156E-01  0.44500E+00  0.69800E+00  0.79281E+01
  0.17055E-01  0.94000E-01  0.44500E+00  0.69800E+00  0.79281E+01
  0.17055E-01  0.10484E+00  0.44500E+00  0.69800E+00  0.79281E+01
  0.17055E-01  0.11116E+00  0.44500E+00  0.69800E+00  0.79281E+01
  0.17055E-01  0.12200E+00  0.44500E+00  0.69800E+00  0.79281E+01
  0.17055E-01  0.13284E+00  0.44500E+00  0.69800E+00  0.79281E+01
  0.17055E-01  0.13916E+00  0.44500E+00  0.69800E+00  0.79281E+01
  0.17055E-01  0.15000E+00  0.44500E+00  0.69800E+00  0.79281E+01
  0.17055E-01  0.16084E+00  0.44500E+00  0.69800E+00  0.79281E+01
  0.17055E-01  0.16716E+00  0.44500E+00  0.69800E+00  0.79281E+01
  0.17055E-01  0.17800E+00  0.44500E+00  0.69800E+00  0.79281E+01
  0.17055E-01  0.18884E+00  0.44500E+00  0.69800E+00  0.79281E+01
  0.17055E-01  0.19516E+00  0.44500E+00  0.69800E+00  0.79281E+01
  0.17055E-01  0.20600E+00  0.44500E+00  0.69800E+00  0.79281E+01
  0.17055E-01  0.21684E+00  0.44500E+00  0.69800E+00  0.79281E+01
  0.17055E-01  0.22316E+00  0.44500E+00  0.69800E+00  0.79281E+01
  0.17055E-01  0.23400E+00  0.44500E+00  0.69800E+00  0.79281E+01
  0.17055E-01  0.24484E+00  0.44500E+00  0.69800E+00  0.79281E+01
  0.17055E-01  0.25116E+00  0.44500E+00  0.69800E+00  0.79281E+01
  0.17055E-01  0.26200E+00  0.44500E+00  0.69800E+00  0.79281E+01
  0.17055E-01  0.27284E+00  0.44500E+00  0.69800E+00  0.79281E+01
  0.17055E-01  0.27916E+00  0.44500E+00  0.69800E+00  0.79281E+01
  0.17055E-01  0.29000E+00  0.44500E+00  0.69800E+00  0.79281E+01
  0.17055E-01  0.30084E+00  0.44500E+00  0.69801E+00  0.79281E+01
  0.17055E-01  0.30716E+00  0.44500E+00  0.69799E+00  0.79281E+01
  0.17055E-01  0.31800E+00  0.44500E+00  0.69798E+00  0.79282E+01
  0.17055E-01  0.32884E+00  0.44500E+00  0.69804E+00  0.79279E+01
  0.17055E-01  0.33516E+00  0.44499E+00  0.69806E+00  0.79279E+01
  0.17055E-01  0.34600E+00  0.44500E+00  0.69792E+00  0.79285E+01
  0.17055E-01  0.35684E+00  0.44504E+00  0.69780E+00  0.79284E+01
  0.17055E-01  0.36316E+00  0.44499E+00  0.69831E+00  0.79273E+01
  0.17055E-01  0.37400E+00  0.44489E+00  0.69864E+00  0.79262E+01
  0.17055E-01  0.38484E+00  0.44511E+00  0.69863E+00  0.79244E+01
  0.17055E-01  0.39116E+00  0.44459E+00  0.70461E+00  0.79064E+01
  0.17055E-01  0.40200E+00  0.44307E+00  0.71966E+00  0.78529E+01
  0.17055E-01  0.41284E+00  0.44178E+00  0.74113E+00  0.77840E+01
  0.17055E-01  0.41916E+00  0.43599E+00  0.80641E+00  0.75794E+01
  0.17055E-01  0.43000E+00  0.42722E+00  0.89935E+00  0.72889E+01
  0.17055E-01  0.44084E+00  0.41882E+00  0.99104E+00  0.70013E+01
  0.17055E-01  0.44716E+00  0.41489E+00  0.10273E+01  0.68901E+01
  0.17055E-01  0.45800E+00  0.40991E+00  0.10807E+01  0.67469E+01
  0.17055E-01  0.46884E+00  0.40507E+00  0.11328E+01  0.65968E+01
  0.17055E-01  0.47516E+00  0.40851E+00  0.11378E+01  0.65339E+01
  0.17055E-01  0.48600E+00  0.42107E+00  0.11471E+01  0.62850E+01
  0.17055E-01  0.49684E+00  0.43275E+00  0.11571E+01  0.60646E+01
  0.17055E-01  0.50316E+00  0.44688E+00  0.11602E+01  0.58644E+01
  0.17055E-01  0.51400E+00  0.53797E+00  0.11528E+01  0.48528E+01
  0.17055E-01  0.52484E+00  0.63233E+00  0.11495E+01  0.41046E+01
  0.17055E-01  0.53116E+00  0.68043E+00  0.11180E+01  0.36987E+01
  0.17055E-01  0.54200E+00  0.66169E+00  0.10206E+01  0.34874E+01
  0.17055E-01  0.55284E+00  0.64122E+00  0.91654E+00  0.32381E+01
  0.17055E-01  0.55916E+00  0.61987E+00  0.71366E+00  0.26345E+01
  0.17055E-01  0.57000E+00  0.56778E+00  0.43399E+00  0.21502E+01
  0.17055E-01  0.58084E+00  0.51646E+00  0.11787E+00  0.14527E+01
  0.17055E-01  0.58716E+00  0.49984E+00  0.23279E-02  0.11650E+01
  0.17055E-01  0.59800E+00  0.49992E+00  0.15819E-02  0.11541E+01
  0.17055E-01  0.60884E+00  0.49997E+00  0.41465E-03  0.11451E+01
  0.17055E-01  0.61516E+00  0.49998E+00  0.74987E-04  0.11433E+01
  0.17055E-01  0.62600E+00  0.49997E+00  0.19603E-03  0.11421E+01
  0.17055E-01  0.63684E+00  0.50003E+00 -0.64337E-04  0.11420E+01
  0.17055E-01  0.64316E+00  0.50002E+00 -0.50518E-04  0.11421E+01
  0.17055E-01  0.65400E+00  0.49998E+00  0.39956E-04  0.11420E+01
  0.17055E-01  0.66484E+00  0.50001E+00 -0.19966E-04  0.11420E+01
  0.17055E-01  0.67116E+00  0.50001E+00 -0.14613E-04  0.11420E+01
  0.17055E-01  0.68200E+00  0.50000E+00  0.11200E-04  0.11420E+01
  0.17055E-01  0.69284E+00  0.50000E+00 -0.52633E-05  0.11420E+01
  0.17055E-01  0.69916E+00  0.50000E+00 -0.44308E-05  0.11420E+01
  0.17055E-01  0.71000E+00  0.50000E+00  0.27606E-05  0.11420E+01
  0.17055E-01  0.72084E+00  0.50000E+00 -0.88294E-06  0.11420E+01
  0.17055E-01  0.72716E+00  0.50000E+00 -0.10462E-05  0.11420E+01
  0.17055E-01  0.73800E+00  0.50000E+00  0.49645E-06  0.11420E+01
  0.17055E-01  0.74884E+00  0.50000E+00  0.23448E-06  0.11420E+01
  0.17055E-01  0.75516E+00  0.50000E+00 -0.11705E-07  0.11420E+01
  0.17055E-01  0.76600E+00  0.50000E+00  0.28449E-08  0.11420E+01
  0.17055E-01  0.77684E+00  0.50000E+00  0.16153E-09  0.11420E+01
  0.17055E-01  0.78316E+00  0.50000E+00 -0.12994E-08  0.11420E+01
  0.17055E-01  0.79400E+00  0.50000E+00 -0.11401E-12  0.11420E+01
  0.17055E-01  0.80484E+00  0.50000E+00  0.12996E-08  0.11420E+01
  0.17055E-01  0.81116E+00  0.50000E+00 -0.12996E-08  0.11420E+01
  0.17055E-01  0.82200E+00  0.50000E+00  0.34853E-14  0.11420E+01
  0.17055E-01  0.83284E+00  0.50000E+00  0.12996E-08  0.11420E+01
  0.17055E-01  0.83916E+00  0.50000E+00 -0.12996E-08  0.11420E+01
  0.17055E-01  0.85000E+00  0.50000E+00  0.15039E-15  0.11420E+01
  0.17055E-01  0.86084E+00  0.50000E+00  0.12996E-08  0.11420E+01
  0.17055E-01  0.86716E+00  0.50000E+00 -0.12996E-08  0.11420E+01
  0.17055E-01  0.87800E+00  0.50000E+00  0.23235E-16  0.11420E+01
  0.17055E-01  0.88884E+00  0.50000E+00  0.12996E-08  0.11420E+01
  0.17055E-01  0.89516E+00  0.50000E+00 -0.12996E-08  0.11420E+01
  0.17055E-01  0.90600E+00  0.50000E+00  0.84627E-17  0.11420E+01
  0.17055E-01  0.91684E+00  0.50000E+00  0.12996E-08  0.11420E+01
  0.17055E-01  0.92316E+00  0.50000E+00 -0.12996E-08  0.11420E+01
  0.17055E-01  0.93400E+00  0.50000E+00  0.88944E-17  0.11420E+01
  0.17055E-01  0.94484E+00  0.50000E+00  0.12996E-08  0.11420E+01
  0.17055E-01  0.95116E+00  0.50000E+00 -0.12996E-08  0.11420E+01
  0.17055E-01  0.96200E+00  0.50000E+00 -0.50268E-18  0.11420E+01
  0.17055E-01  0.97284E+00  0.50000E+00  0.12996E-08  0.11420E+01
  0.17055E-01  0.97916E+00  0.50000E+00 -0.12996E-08  0.11420E+01
  0.17055E-01  0.99000E+00  0.50000E+00  0.41042E-17  0.11420E+01
  0.17055E-01  0.10008E+01  0.50000E+00  0.12996E-08  0.11420E+01
  0.17055E-01  0.10072E+01  0.50000E+00 -0.12996E-08  0.11420E+01
  0.17055E-01  0.10180E+01  0.50000E+00  0.44058E-17  0.11420E+01
  0.17055E-01  0.10288E+01  0.50000E+00  0.12996E-08  0.11420E+01
  0.17055E-01  0.10352E+01  0.50000E+00 -0.12996E-08  0.11420E+01
  0.17055E-01  0.10460E+01  0.50000E+00  0.24956E-17  0.11420E+01
  0.17055E-01  0.10568E+01  0.50000E+00  0.12996E-08  0.11420E+01
  0.17055E-01  0.10632E+01  0.50000E+00 -0.12996E-08  0.11420E+01
  0.17055E-01  0.10740E+01  0.50000E+00 -0.44649E-17  0.11420E+01
  0.17055E-01  0.10848E+01  0.50000E+00  0.12996E-08  0.11420E+01
  0.17055E-01  0.10912E+01  0.50000E+00 -0.12996E-08  0.11420E+01
  0.17055E-01  0.11020E+01  0.50000E+00 -0.14430E-17  0.11420E+01
  0.17055E-01  0.11128E+01  0.50000E+00  0.12996E-08  0.11420E+01
  0.17055E-01  0.11192E+01  0.50000E+00 -0.12996E-08  0.11420E+01
  0.17055E-01  0.11300E+01  0.50000E+00 -0.46838E-17  0.11420E+01
  0.17055E-01  0.11408E+01  0.50000E+00  0.12996E-08  0.11420E+01
  0.17055E-01  0.11472E+01  0.50000E+00 -0.12996E-08  0.11420E+01
  0.17055E-01  0.11580E+01  0.50000E+00 -0.65703E-17  0.11420E+01
  0.17055E-01  0.11688E+01  0.50000E+00  0.12996E-08  0.11420E+01
  0.17055E-01  0.11752E+01  0.50000E+00 -0.12996E-08  0.11420E+01
  0.17055E-01  0.11860E+01  0.50000E+00 -0.46187E-17  0.11420E+01
  0.17055E-01  0.11968E+01  0.50000E+00  0.12996E-08  0.11420E+01
  0.34024E-01 -0.19684E+00          NaN          NaN          NaN
  0.34024E-01 -0.18600E+00          NaN          NaN          NaN
  0.34024E-01 -0.17516E+00          NaN          NaN          NaN
  0.34024E-01 -0.16884E+00          NaN          NaN          NaN
  0.34024E-01 -0.15800E+00          NaN          NaN          NaN
  0.34024E-01 -0.14716E+00          NaN          NaN          NaN
  0.34024E-01 -0.14084E+00          NaN          NaN          NaN
  0.34024E-01 -0.13000E+00          NaN          NaN          NaN
  0.34024E-01 -0.11916E+00          NaN          NaN          NaN
  0.34024E-01 -0.11284E+00          NaN          NaN          NaN
  0.34024E-01 -0.10200E+00          NaN          NaN          NaN
  0.34024E-01 -0.91156E-01          NaN          NaN          NaN
  0.34024E-01 -0.84844E-01          NaN          NaN          NaN
  0.34024E-01 -0.74000E-01          NaN          NaN          NaN
  0.34024E-01 -0.63156E-01          NaN          NaN          NaN
  0.34024E-01 -0.56844E-01          NaN          NaN          NaN
  0.34024E-01 -0.46000E-01          NaN          NaN          NaN
  0.34024E-01 -0.35156E-01          NaN          NaN          NaN
  0.34024E-01 -0.28844E-01          NaN          NaN          NaN
  0.34024E-01 -0.18000E-01          NaN          NaN          NaN
  0.34024E-01 -0.71556E-02          NaN          NaN          NaN
  0.34024E-01 -0.84435E-03          NaN          NaN          NaN
  0.34024E-01  0.10000E-01          NaN          NaN          NaN
  0.34024E-01  0.20844E-01          NaN          NaN          NaN
  0.34024E-01  0.27156E-01          NaN          NaN          NaN
  0.34024E-01  0.38000E-01          NaN          NaN          NaN
  0.34024E-01  0.48844E-01          NaN          NaN          NaN
  0.34024E-01  0.55156E-01          NaN          NaN          NaN
  0.34024E-01  0.66000E-01          NaN          NaN          NaN
  0.34024E-01  0.76844E-01          NaN          NaN          NaN
  0.34024E-01  0.83156E-01          NaN          NaN          NaN
  0.34024E-01  0.94000E-01          NaN          NaN          NaN
  0.34024E-01  0.10484E+00          NaN          NaN          NaN
  0.34024E-01  0.11116E+00          NaN          NaN          NaN
  0.34024E-01  0.12200E+00          NaN          NaN          NaN
  0.34024E-01  0.13284E+00          NaN          NaN          NaN
  0.34024E-01  0.13916E+00          NaN          NaN          NaN
  0.34024E-01  0.15000E+00          NaN          NaN          NaN
  0.34024E-01  0.16084E+00          NaN          NaN          NaN
  0.34024E-01  0.16716E+00          NaN          NaN          NaN
  0.34024E-01  0.17800E+00          NaN          NaN          NaN
  0.34024E-01  0.18884E+00          NaN          NaN          NaN
  0.34024E-01  0.19516E+00          NaN          NaN          NaN
  0.34024E-01  0.20600E+00          NaN          NaN          NaN
  0.34024E-01  0.21684E+00          NaN          NaN          NaN
  0.34024E-01  0.22316E+00          NaN          NaN          NaN
  0.34024E-01  0.23400E+00          NaN          NaN          NaN
  0.34024E-01  0.24484E+00          NaN          NaN          NaN
  0.34024E-01  0.25116E+00          NaN          NaN          NaN
  0.34024E-01  0.26200E+00          NaN          NaN          NaN
  0.34024E-01  0.27284E+00          NaN          NaN          NaN
  0.34024E-01  0.27916E+00          NaN          NaN          NaN
  0.34024E-01  0.29000E+00          NaN          NaN          NaN
  0.34024E-01  0.30084E+00          NaN          NaN          NaN
  0.34024E-01  0.30716E+00          NaN          NaN          NaN
  0.34024E-01  0.31800E+00          NaN          NaN          NaN
  0.34024E-01  0.32884E+00          NaN          NaN          NaN
  0.34024E-01  0.33516E+00          NaN          NaN          NaN
  0.34024E-01  0.34600E+00          NaN          NaN          NaN
  0.34024E-01  0.35684E+00          NaN          NaN          NaN
  0.34024E-01  0.36316E+00          NaN          NaN          NaN
  0.34024E-01  0.37400E+00          NaN          NaN          NaN
  0.34024E-01  0.38484E+00          NaN          NaN          NaN
  0.34024E-01  0.39116E+00          NaN          NaN          NaN
  0.34024E-01  0.40200E+00          NaN          NaN          NaN
  0.34024E-01  0.41284E+00          NaN          NaN          NaN
  0.34024E-01  0.41916E+00          NaN          NaN          NaN
  0.34024E-01  0.43000E+00          NaN          NaN          NaN
  0.34024E-01  0.44084E+00          NaN          NaN          NaN
  0.34024E-01  0.44716E+00          NaN          NaN          NaN
  0.34024E-01  0.45800E+00          NaN          NaN          NaN
  0.34024E-01  0.46884E+00          NaN          NaN          NaN
  0.34024E-01  0.47516E+00          NaN          NaN          NaN
  0.34024E-01  0.48600E+00          NaN          NaN          NaN
  0.34024E-01  0.49684E+00          NaN          NaN          NaN
  0.34024E-01  0.50316E+00          NaN          NaN          NaN
  0.34024E-01  0.51400E+00          NaN          NaN          NaN
  0.34024E-01  0.52484E+00          NaN          NaN          NaN
  0.34024E-01  0.53116E+00          NaN          NaN          NaN
  0.34024E-01  0.54200E+00          NaN          NaN          NaN
  0.34024E-01  0.55284E+00          NaN          NaN          NaN
  0.34024E-01  0.55916E+00          NaN          NaN          NaN
  0.34024E-01  0.57000E+00          NaN          NaN          NaN
  0.34024E-01  0.58084E+00          NaN          NaN          NaN
  0.34024E-01  0.58716E+00          NaN          NaN          NaN
  0.34024E-01  0.59800E+00          NaN          NaN          NaN
  0.34024E-01  0.60884E+00          NaN          NaN          NaN
  0.34024E-01  0.61516E+00          NaN          NaN          NaN
  0.34024E-01  0.62600E+00          NaN          NaN          NaN
  0.34024E-01  0.63684E+00          NaN          NaN          NaN
  0.34024E-01  0.64316E+00          NaN          NaN          NaN
  0.34024E-01  0.65400E+00          NaN          NaN          NaN
  0.34024E-01  0.66484E+00          NaN          NaN          NaN
  0.34024E-01  0.67116E+00          NaN          NaN          NaN
  0.34024E-01  0.68200E+00          NaN          NaN          NaN
  0.34024E-01  0.69284E+00          NaN          NaN          NaN
  0.34024E-01  0.69916E+00          NaN          NaN          NaN
  0.34024E-01  0.71000E+00          NaN          NaN          NaN
  0.34024E-01  0.72084E+00          NaN          NaN          NaN
  0.34024E-01  0.72716E+00          NaN          NaN          NaN
  0.34024E-01  0.73800E+00          NaN          NaN          NaN
  0.34024E-01  0.74884E+00          NaN          NaN          NaN
  0.34024E-01  0.75516E+00          NaN          NaN          NaN
  0.34024E-01  0.76600E+00          NaN          NaN          NaN
  0.34024E-01  0.77684E+00          NaN          NaN          NaN
  0.34024E-01  0.78316E+00          NaN          NaN          NaN
  0.34024E-01  0.79400E+00          NaN          NaN          NaN
  0.34024E-01  0.80484E+00          NaN          NaN          NaN
  0.34024E-01  0.81116E+00          NaN          NaN          NaN
  0.34024E-01  0.82200E+00          NaN          NaN          NaN
  0.34024E-01  0.83284E+00          NaN          NaN          NaN
  0.34024E-01  0.83916E+00          NaN          NaN          NaN
  0.34024E-01  0.85000E+00          NaN          NaN          NaN
  0.34024E-01  0.86084E+00          NaN          NaN          NaN
  0.34024E-01  0.86716E+00          NaN          NaN          NaN
  0.34024E-01  0.87800E+00          NaN          NaN          NaN
  0.34024E-01  0.88884E+00          NaN          NaN          NaN
  0.34024E-01  0.89516E+00          NaN          NaN          NaN
  0.34024E-01  0.90600E+00          NaN          NaN          NaN
  0.34024E-01  0.91684E+00          NaN          NaN          NaN
  0.34024E-01  0.92316E+00          NaN          NaN          NaN
  0.34024E-01  0.93400E+00          NaN          NaN          NaN
  0.34024E-01  0.94484E+00          NaN          NaN          NaN
  0.34024E-01  0.95116E+00          NaN          NaN          NaN
  0.34024E-01  0.96200E+00          NaN          NaN          NaN
  0.34024E-01  0.97284E+00          NaN          NaN          NaN
  0.34024E-01  0.97916E+00          NaN          NaN          NaN
  0.34024E-01  0.99000E+00          NaN          NaN          NaN
  0.34024E-01  0.10008E+01          NaN          NaN          NaN
  0.34024E-01  0.10072E+01          NaN          NaN          NaN
  0.34024E-01  0.10180E+01          NaN          NaN          NaN
  0.34024E-01  0.10288E+01          NaN          NaN          NaN
  0.34024E-01  0.10352E+01          NaN          NaN          NaN
  0.34024E-01  0.10460E+01          NaN          NaN          NaN
  0.34024E-01  0.10568E+01          NaN          NaN          NaN
  0.34024E-01  0.10632E+01          NaN          NaN          NaN
  0.34024E-01  0.10740E+01          NaN          NaN          NaN
  0.34024E-01  0.10848E+01          NaN          NaN          NaN
  0.34024E-01  0.10912E+01          NaN          NaN          NaN
  0.34024E-01  0.11020E+01          NaN          NaN          NaN
  0.34024E-01  0.11128E+01          NaN          NaN          NaN
  0.34024E-01  0.11192E+01          NaN          NaN          NaN
  0.34024E-01  0.11300E+01          NaN          NaN          NaN
  0.34024E-01  0.11408E+01          NaN          NaN          NaN
  0.34024E-01  0.11472E+01          NaN          NaN          NaN
  0.34024E-01  0.11580E+01          NaN          NaN          NaN
  0.34024E-01  0.11688E+01          NaN          NaN          NaN
  0.34024E-01  0.11752E+01          NaN          NaN          NaN
  0.34024E-01  0.11860E+01          NaN          NaN          NaN
  0.34024E-01  0.11968E+01          NaN          NaN          NaN
  0.50994E-01 -0.19684E+00          NaN          NaN          NaN
  0.50994E-01 -0.18600E+00          NaN          NaN          NaN
  0.50994E-01 -0.17516E+00          NaN          NaN          NaN
  0.50994E-01 -0.16884E+00          NaN          NaN          NaN
  0.50994E-01 -0.15800E+00          NaN          NaN          NaN
  0.50994E-01 -0.14716E+00          NaN          NaN          NaN
  0.50994E-01 -0.14084E+00          NaN          NaN          NaN
  0.50994E-01 -0.13000E+00          NaN          NaN          NaN
  0.50994E-01 -0.11916E+00          NaN          NaN          NaN
  0.50994E-01 -0.11284E+00          NaN          NaN          NaN
  0.50994E-01 -0.10200E+00          NaN          NaN          NaN
  0.50994E-01 -0.91156E-01          NaN          NaN          NaN
  0.50994E-01 -0.84844E-01          NaN          NaN          NaN
  0.50994E-01 -0.74000E-01          NaN          NaN          NaN
  0.50994E-01 -0.63156E-01          NaN          NaN          NaN
  0.50994E-01 -0.56844E-01          NaN          NaN          NaN
  0.50994E-01 -0.46000E-01          NaN          NaN          NaN
  0.50994E-01 -0.35156E-01          NaN          NaN          NaN
  0.50994E-01 -0.28844E-01          NaN          NaN          NaN
  0.50994E-01 -0.18000E-01          NaN          NaN          NaN
  0.50994E-01 -0.71556E-02          NaN          NaN          NaN
  0.50994E-01 -0.84435E-03          NaN          NaN          NaN
  0.50994E-01  0.10000E-01          NaN          NaN          NaN
  0.50994E-01  0.20844E-01          NaN          NaN          NaN
  0.50994E-01  0.27156E-01          NaN          NaN          NaN
  0.50994E-01  0.38000E-01          NaN          NaN          NaN
  0.50994E-01  0.48844E-01          NaN          NaN          NaN
  0.50994E-01  0.55156E-01          NaN          NaN          NaN
  0.50994E-01  0.66000E-01          NaN          NaN          NaN
  0.50994E-01  0.76844E-01          NaN          NaN          NaN
  0.50994E-01  0.83156E-01          NaN          NaN          NaN
  0.50994E-01  0.94000E-01          NaN          NaN          NaN
  0.50994E-01  0.10484E+00          NaN          NaN          NaN
  0.50994E-01  0.11116E+00          NaN          NaN          NaN
  0.50994E-01  0.12200E+00          NaN          NaN          NaN
  0.50994E-01  0.13284E+00          NaN          NaN          NaN
  0.50994E-01  0.13916E+00          NaN          NaN          NaN
  0.50994E-01  0.15000E+00          NaN          NaN          NaN
  0.50994E-01  0.16084E+00          NaN          NaN          NaN
  0.50994E-01  0.16716E+00          NaN          NaN          NaN
  0.50994E-01  0.17800E+00          NaN          NaN          NaN
  0.50994E-01  0.18884E+00          NaN          NaN          NaN
  0.50994E-01  0.19516E+00          NaN          NaN          NaN
  0.50994E-01  0.20600E+00          NaN          NaN          NaN
  0.50994E-01  0.21684E+00          NaN          NaN          NaN
  0.50994E-01  0.22316E+00          NaN          NaN          NaN
  0.50994E-01  0.23400E+00          NaN          NaN          NaN
  0.50994E-01  0.24484E+00          NaN          NaN          NaN
  0.50994E-01  0.25116E+00          NaN          NaN          NaN
  0.50994E-01  0.26200E+00          NaN          NaN          NaN
  0.50994E-01  0.27284E+00          NaN          NaN          NaN
  0.50994E-01  0.27916E+00          NaN          NaN          NaN
  0.50994E-01  0.29000E+00          NaN          NaN          NaN
  0.50994E-01  0.30084E+00          NaN          NaN          NaN
  0.50994E-01  0.30716E+00          NaN          NaN          NaN
  0.50994E-01  0.31800E+00          NaN          NaN          NaN
  0.50994E-01  0.32884E+00          NaN          NaN          NaN
  0.50994E-01  0.33516E+00          NaN          NaN          NaN
  0.50994E-01  0.34600E+00          NaN          NaN          NaN
  0.50994E-01  0.35684E+00          NaN          NaN          NaN
  0.50994E-01  0.36316E+00          NaN          NaN          NaN
  0.50994E-01  0.37400E+00          NaN          NaN          NaN
  0.50994E-01  0.38484E+00          NaN          NaN          NaN
  0.50994E-01  0.39116E+00          NaN          NaN          NaN
  0.50994E-01  0.40200E+00          NaN          NaN          NaN
  0.50994E-01  0.41284E+00          NaN          NaN          NaN
  0.50994E-01  0.41916E+00          NaN          NaN          NaN
  0.50994E-01  0.43000E+00          NaN          NaN          NaN
  0.50994E-01  0.44084E+00          NaN          NaN          NaN
  0.50994E-01  0.44716E+00          NaN          NaN          NaN
  0.50994E-01  0.45800E+00          NaN          NaN          NaN
  0.50994E-01  0.46884E+00          NaN          NaN          NaN
  0.50994E-01  0.47516E+00          NaN          NaN          NaN
  0.50994E-01  0.48600E+00          NaN          NaN          NaN
  0.50994E-01  0.49684E+00          NaN          NaN          NaN
  0.50994E-01  0.50316E+00          NaN          NaN          NaN
  0.50994E-01  0.51400E+00          NaN          NaN          NaN
  0.50994E-01  0.52484E+00          NaN          NaN          NaN
  0.50994E-01  0.53116E+00          NaN          NaN          NaN
  0.50994E-01  0.54200E+00          NaN          NaN          NaN
  0.50994E-01  0.55284E+00          NaN          NaN          NaN
  0.50994E-01  0.55916E+00          NaN          NaN          NaN
  0.50994E-01  0.57000E+00          NaN          NaN          NaN
  0.50994E-01  0.58084E+00          NaN          NaN          NaN
  0.50994E-01  0.58716E+00          NaN          NaN          NaN
  0.50994E-01  0.59800E+00          NaN          NaN          NaN
  0.50994E-01  0.60884E+00          NaN          NaN          NaN
  0.50994E-01  0.61516E+00          NaN          NaN          NaN
  0.50994E-01  0.62600E+00          NaN          NaN          NaN
  0.50994E-01  0.63684E+00          NaN          NaN          NaN
  0.50994E-01  0.64316E+00          NaN          NaN          NaN
  0.50994E-01  0.65400E+00          NaN          NaN          NaN
  0.50994E-01  0.66484E+00          NaN          NaN          NaN
  0.50994E-01  0.67116E+00          NaN          NaN          NaN
  0.50994E-01  0.68200E+00          NaN          NaN          NaN
  0.50994E-01  0.69284E+00          NaN          NaN          NaN
  0.50994E-01  0.69916E+00          NaN          NaN          NaN
  0.50994E-01  0.71000E+00          NaN          NaN          NaN
  0.50994E-01  0.72084E+00          NaN          NaN          NaN
  0.50994E-01  0.72716E+00          NaN          NaN          NaN
  0.50994E-01  0.73800E+00          NaN          NaN          NaN
  0.50994E-01  0.74884E+00          NaN          NaN          NaN
  0.50994E-01  0.75516E+00          NaN          NaN          NaN
  0.50994E-01  0.76600E+00          NaN          NaN          NaN
  0.50994E-01  0.77684E+00          NaN          NaN          NaN
  0.50994E-01  0.78316E+00          NaN          NaN          NaN
  0.50994E-01  0.79400E+00          NaN          NaN          NaN
  0.50994E-01  0.80484E+00          NaN          NaN          NaN
  0.50994E-01  0.81116E+00          NaN          NaN          NaN
  0.50994E-01  0.82200E+00          NaN          NaN          NaN
  0.50994E-01  0.83284E+00          NaN          NaN          NaN
  0.50994E-01  0.83916E+00          NaN          NaN          NaN
  0.50994E-01  0.85000E+00          NaN          NaN          NaN
  0.50994E-01  0.86084E+00          NaN          NaN          NaN
  0.50994E-01  0.86716E+00          NaN          NaN          NaN
  0.50994E-01  0.87800E+00          NaN          NaN          NaN
  0.50994E-01  0.88884E+00          NaN          NaN          NaN
  0.50994E-01  0.89516E+00          NaN          NaN          NaN
  0.50994E-01  0.90600E+00          NaN          NaN          NaN
  0.50994E-01  0.91684E+00          NaN          NaN          NaN
  0.50994E-01  0.92316E+00          NaN          NaN          NaN
  0.50994E-01  0.93400E+00          NaN          NaN          NaN
  0.50994E-01  0.94484E+00          NaN          NaN          NaN
  0.50994E-01  0.95116E+00          NaN          NaN          NaN
  0.50994E-01  0.96200E+00          NaN          NaN          NaN
  0.50994E-01  0.97284E+00          NaN          NaN          NaN
  0.50994E-01  0.97916E+00          NaN          NaN          NaN
  0.50994E-01  0.99000E+00          NaN          NaN          NaN
  0.50994E-01  0.10008E+01          NaN          NaN          NaN
  0.50994E-01  0.10072E+01          NaN          NaN          NaN
  0.50994E-01  0.10180E+01          NaN          NaN          NaN
  0.50994E-01  0.10288E+01          NaN          NaN          NaN
  0.50994E-01  0.10352E+01          NaN          NaN          NaN
  0.50994E-01  0.10460E+01          NaN          NaN          NaN
  0.50994E-01  0.10568E+01          NaN          NaN          NaN
  0.50994E-01  0.10632E+01          NaN          NaN          NaN
  0.50994E-01  0.10740E+01          NaN          NaN          NaN
  0.50994E-01  0.10848E+01          NaN          NaN          NaN
  0.50994E-01  0.10912E+01          NaN          NaN          NaN
  0.50994E-01  0.11020E+01          NaN          NaN          NaN
  0.50994E-01  0.11128E+01          NaN          NaN          NaN
  0.50994E-01  0.11192E+01          NaN          NaN          NaN
  0.50994E-01  0.11300E+01          NaN          NaN          NaN
  0.50994E-01  0.11408E+01          NaN          NaN          NaN
  0.50994E-01  0.11472E+01          NaN          NaN          NaN
  0.50994E-01  0.11580E+01          NaN          NaN          NaN
  0.50994E-01  0.11688E+01          NaN          NaN          NaN
  0.50994E-01  0.11752E+01          NaN          NaN          NaN
  0.50994E-01  0.11860E+01          NaN          NaN          NaN
  0.50994E-01  0.11968E+01          NaN          NaN          NaN
  0.67963E-01 -0.19684E+00          NaN          NaN          NaN
  0.67963E-01 -0.18600E+00          NaN          NaN          NaN
  0.67963E-01 -0.17516E+00          NaN          NaN          NaN
  0.67963E-01 -0.16884E+00          NaN          NaN          NaN
  0.67963E-01 -0.15800E+00          NaN          NaN          NaN
  0.67963E-01 -0.14716E+00          NaN          NaN          NaN
  0.67963E-01 -0.14084E+00          NaN          NaN          NaN
  0.67963E-01 -0.13000E+00          NaN          NaN          NaN
  0.67963E-01 -0.11916E+00          NaN          NaN          NaN
  0.67963E-01 -0.11284E+00          NaN          NaN          NaN
  0.67963E-01 -0.10200E+00          NaN          NaN          NaN
  0.67963E-01 -0.91156E-01          NaN          NaN          NaN
  0.67963E-01 -0.84844E-01          NaN          NaN          NaN
  0.67963E-01 -0.74000E-01          NaN          NaN          NaN
  0.67963E-01 -0.63156E-01          NaN          NaN          NaN
  0.67963E-01 -0.56844E-01          NaN          NaN          NaN
  0.67963E-01 -0.46000E-01          NaN          NaN          NaN
  0.67963E-01 -0.35156E-01          NaN          NaN          NaN
  0.67963E-01 -0.28844E-01          NaN          NaN          NaN
  0.67963E-01 -0.18000E-01          NaN          NaN          NaN
  0.67963E-01 -0.71556E-02          NaN          NaN          NaN
  0.67963E-01 -0.84435E-03          NaN          NaN          NaN
  0.67963E-01  0.10000E-01          NaN          NaN          NaN
  0.67963E-01  0.20844E-01          NaN          NaN          NaN
  0.67963E-01  0.27156E-01          NaN          NaN          NaN
  0.67963E-01  0.38000E-01          NaN          NaN          NaN
  0.67963E-01  0.48844E-01          NaN          NaN          NaN
  0.67963E-01  0.55156E-01          NaN          NaN          NaN
  0.67963E-01  0.66000E-01          NaN          NaN          NaN
  0.67963E-01  0.76844E-01          NaN          NaN          NaN
  0.67963E-01  0.83156E-01          NaN          NaN          NaN
  0.67963E-01  0.94000E-01          NaN          NaN          NaN
  0.67963E-01  0.10484E+00          NaN          NaN          NaN
  0.67963E-01  0.11116E+00          NaN          NaN          NaN
  0.67963E-01  0.12200E+00          NaN          NaN          NaN
  0.67963E-01  0.13284E+00          NaN          NaN          NaN
  0.67963E-01  0.13916E+00          NaN          NaN          NaN
  0.67963E-01  0.15000E+00          NaN          NaN          NaN
  0.67963E-01  0.16084E+00          NaN          NaN          NaN
  0.67963E-01  0.16716E+00          NaN          NaN          NaN
  0.67963E-01  0.17800E+00          NaN          NaN          NaN
  0.67963E-01  0.18884E+00          NaN          NaN          NaN
  0.67963E-01  0.19516E+00          NaN          NaN          NaN
  0.67963E-01  0.20600E+00          NaN          NaN          NaN
  0.67963E-01  0.21684E+00          NaN          NaN          NaN
  0.67963E-01  0.22316E+00          NaN          NaN          NaN
  0.67963E-01  0.23400E+00          NaN          NaN          NaN
  0.67963E-01  0.24484E+00          NaN          NaN          NaN
  0.67963E-01  0.25116E+00          NaN          NaN          NaN
  0.67963E-01  0.26200E+00          NaN          NaN          NaN
  0.67963E-01  0.27284E+00          NaN          NaN          NaN
  0.67963E-01  0.27916E+00          NaN          NaN          NaN
  0.67963E-01  0.29000E+00          NaN          NaN          NaN
  0.67963E-01  0.30084E+00          NaN          NaN          NaN
  0.67963E-01  0.30716E+00          NaN          NaN          NaN
  0.67963E-01  0.31800E+00          NaN          NaN          NaN
  0.67963E-01  0.32884E+00          NaN          NaN          NaN
  0.67963E-01  0.33516E+00          NaN          NaN          NaN
  0.67963E-01  0.34600E+00          NaN          NaN          NaN
  0.67963E-01  0.35684E+00          NaN          NaN          NaN
  0.67963E-01  0.36316E+00          NaN          NaN          NaN
  0.67963E-01  0.37400E+00          NaN          NaN          NaN
  0.67963E-01  0.38484E+00          NaN          NaN          NaN
  0.67963E-01  0.39116E+00          NaN          NaN          NaN
  0.67963E-01  0.40200E+00          NaN          NaN          NaN
  0.67963E-01  0.41284E+00          NaN          NaN          NaN
  0.67963E-01  0.41916E+00          NaN          NaN          NaN
  0.67963E-01  0.43000E+00          NaN          NaN          NaN
  0.67963E-01  0.44084E+00          NaN          NaN          NaN
  0.67963E-01  0.44716E+00          NaN          NaN          NaN
  0.67963E-01  0.45800E+00          NaN          NaN          NaN
  0.67963E-01  0.46884E+00          NaN          NaN          NaN
  0.67963E-01  0.47516E+00          NaN          NaN          NaN
  0.67963E-01  0.48600E+00          NaN          NaN          NaN
  0.67963E-01  0.49684E+00          NaN          NaN          NaN
  0.67963E-01  0.50316E+00          NaN          NaN          NaN
  0.67963E-01  0.51400E+00          NaN          NaN          NaN
  0.67963E-01  0.52484E+00          NaN          NaN          NaN
  0.67963E-01  0.53116E+00          NaN          NaN          NaN
  0.67963E-01  0.54200E+00          NaN          NaN          NaN
  0.67963E-01  0.55284E+00          NaN          NaN          NaN
  0.67963E-01  0.55916E+00          NaN          NaN          NaN
  0.67963E-01  0.57000E+00          NaN          NaN          NaN
  0.67963E-01  0.58084E+00          NaN          NaN          NaN
  0.67963E-01  0.58716E+00          NaN          NaN          NaN
  0.67963E-01  0.59800E+00          NaN          NaN          NaN
  0.67963E-01  0.60884E+00          NaN          NaN          NaN
  0.67963E-01  0.61516E+00          NaN          NaN          NaN
  0.67963E-01  0.62600E+00          NaN          NaN          NaN
  0.67963E-01  0.63684E+00          NaN          NaN          NaN
  0.67963E-01  0.64316E+00          NaN          NaN          NaN
  0.67963E-01  0.65400E+00          NaN          NaN          NaN
  0.67963E-01  0.66484E+00          NaN          NaN          NaN
  0.67963E-01  0.67116E+00          NaN          NaN          NaN
  0.67963E-01  0.68200E+00          NaN          NaN          NaN
  0.67963E-01  0.69284E+00          NaN          NaN          NaN
  0.67963E-01  0.69916E+00          NaN          NaN          NaN
  0.67963E-01  0.71000E+00          NaN          NaN          NaN
  0.67963E-01  0.72084E+00          NaN          NaN          NaN
  0.67963E-01  0.72716E+00          NaN          NaN          NaN
  0.67963E-01  0.73800E+00          NaN          NaN          NaN
  0.67963E-01  0.74884E+00          NaN          NaN          NaN
  0.67963E-01  0.75516E+00          NaN          NaN          NaN
  0.67963E-01  0.76600E+00          NaN          NaN          NaN
  0.67963E-01  0.77684E+00          NaN          NaN          NaN
  0.67963E-01  0.78316E+00          NaN          NaN          NaN
  0.67963E-01  0.79400E+00          NaN          NaN          NaN
  0.67963E-01  0.80484E+00          NaN          NaN          NaN
  0.67963E-01  0.81116E+00          NaN          NaN          NaN
  0.67963E-01  0.82200E+00          NaN          NaN          NaN
  0.67963E-01  0.83284E+00          NaN          NaN          NaN
  0.67963E-01  0.83916E+00          NaN          NaN          NaN
  0.67963E-01  0.85000E+00          NaN          NaN          NaN
  0.67963E-01  0.86084E+00          NaN          NaN          NaN
  0.67963E-01  0.86716E+00          NaN          NaN          NaN
  0.67963E-01  0.87800E+00          NaN          NaN          NaN
  0.67963E-01  0.88884E+00          NaN          NaN          NaN
  0.67963E-01  0.89516E+00          NaN          NaN          NaN
  0.67963E-01  0.90600E+00          NaN          NaN          NaN
  0.67963E-01  0.91684E+00          NaN          NaN          NaN
  0.67963E-01  0.92316E+00          NaN          NaN          NaN
  0.67963E-01  0.93400E+00          NaN          NaN          NaN
  0.67963E-01  0.94484E+00          NaN          NaN          NaN
  0.67963E-01  0.95116E+00          NaN          NaN          NaN
  0.67963E-01  0.96200E+00          NaN          NaN          NaN
  0.67963E-01  0.97284E+00          NaN          NaN          NaN
  0.67963E-01  0.97916E+00          NaN          NaN          NaN
  0.67963E-01  0.99000E+00          NaN          NaN          NaN
  0.67963E-01  0.10008E+01          NaN          NaN          NaN
  0.67963E-01  0.10072E+01          NaN          NaN          NaN
  0.67963E-01  0.10180E+01          NaN          NaN          NaN
  0.67963E-01  0.10288E+01          NaN          NaN          NaN
  0.67963E-01  0.10352E+01          NaN          NaN          NaN
  0.67963E-01  0.10460E+01          NaN          NaN          NaN
  0.67963E-01  0.10568E+01          NaN          NaN          NaN
  0.67963E-01  0.10632E+01          NaN          NaN          NaN
  0.67963E-01  0.10740E+01          NaN          NaN          NaN
  0.67963E-01  0.10848E+01          NaN          NaN          NaN
  0.67963E-01  0.10912E+01          NaN          NaN          NaN
  0.67963E-01  0.11020E+01          NaN          NaN          NaN
  0.67963E-01  0.11128E+01          NaN          NaN          NaN
  0.67963E-01  0.11192E+01          NaN          NaN          NaN
  0.67963E-01  0.11300E+01          NaN          NaN          NaN
  0.67963E-01  0.11408E+01          NaN          NaN          NaN
  0.67963E-01  0.11472E+01          NaN          NaN          NaN
  0.67963E-01  0.11580E+01          NaN          NaN          NaN
  0.67963E-01  0.11688E+01          NaN          NaN          NaN
  0.67963E-01  0.11752E+01          NaN          NaN          NaN
  0.67963E-01  0.11860E+01          NaN          NaN          NaN
  0.67963E-01  0.11968E+01          NaN          NaN          NaN
  0.84933E-01 -0.19684E+00          NaN          NaN          NaN
  0.84933E-01 -0.18600E+00          NaN          NaN          NaN
  0.84933E-01 -0.17516E+00          NaN          NaN          NaN
  0.84933E-01 -0.16884E+00          NaN          NaN          NaN
  0.84933E-01 -0.15800E+00          NaN          NaN          NaN
  0.84933E-01 -0.14716E+00          NaN          NaN          NaN
  0.84933E-01 -0.14084E+00          NaN          NaN          NaN
  0.84933E-01 -0.13000E+00          NaN          NaN          NaN
  0.84933E-01 -0.11916E+00          NaN          NaN          NaN
  0.84933E-01 -0.11284E+00          NaN          NaN          NaN
  0.84933E-01 -0.10200E+00          NaN          NaN          NaN
  0.84933E-01 -0.91156E-01          NaN          NaN          NaN
  0.84933E-01 -0.84844E-01          NaN          NaN          NaN
  0.84933E-01 -0.74000E-01          NaN          NaN          NaN
  0.84933E-01 -0.63156E-01          NaN          NaN          NaN
  0.84933E-01 -0.56844E-01          NaN          NaN          NaN
  0.84933E-01 -0.46000E-01          NaN          NaN          NaN
  0.84933E-01 -0.35156E-01          NaN          NaN          NaN
  0.84933E-01 -0.28844E-01          NaN          NaN          NaN
  0.84933E-01 -0.18000E-01          NaN          NaN          NaN
  0.84933E-01 -0.71556E-02          NaN          NaN          NaN
  0.84933E-01 -0.84435E-03          NaN          NaN          NaN
  0.84933E-01  0.10000E-01          NaN          NaN          NaN
  0.84933E-01  0.20844E-01          NaN          NaN          NaN
  0.84933E-01  0.27156E-01          NaN          NaN          NaN
  0.84933E-01  0.38000E-01          NaN          NaN          NaN
  0.84933E-01  0.48844E-01          NaN          NaN          NaN
  0.84933E-01  0.55156E-01          NaN          NaN          NaN
  0.84933E-01  0.66000E-01          NaN          NaN          NaN
  0.84933E-01  0.76844E-01          NaN          NaN          NaN
  0.84933E-01  0.83156E-01          NaN          NaN          NaN
  0.84933E-01  0.94000E-01          NaN          NaN          NaN
  0.84933E-01  0.10484E+00          NaN          NaN          NaN
  0.84933E-01  0.11116E+00          NaN          NaN          NaN
  0.84933E-01  0.12200E+00          NaN          NaN          NaN
  0.84933E-01  0.13284E+00          NaN          NaN          NaN
  0.84933E-01  0.13916E+00          NaN          NaN          NaN
  0.84933E-01  0.15000E+00          NaN          NaN          NaN
  0.84933E-01  0.16084E+00          NaN          NaN          NaN
  0.84933E-01  0.16716E+00          NaN          NaN          NaN
  0.84933E-01  0.17800E+00          NaN          NaN          NaN
  0.84933E-01  0.18884E+00          NaN          NaN          NaN
  0.84933E-01  0.19516E+00          NaN          NaN          NaN
  0.84933E-01  0.20600E+00          NaN          NaN          NaN
  0.84933E-01  0.21684E+00          NaN          NaN          NaN
  0.84933E-01  0.22316E+00          NaN          NaN          NaN
  0.84933E-01  0.23400E+00          NaN          NaN          NaN
  0.84933E-01  0.24484E+00          NaN          NaN          NaN
  0.84933E-01  0.25116E+00          NaN          NaN          NaN
  0.84933E-01  0.26200E+00          NaN          NaN          NaN
  0.84933E-01  0.27284E+00          NaN          NaN          NaN
  0.84933E-01  0.27916E+00          NaN          NaN          NaN
  0.84933E-01  0.29000E+00          NaN          NaN          NaN
  0.84933E-01  0.30084E+00          NaN          NaN          NaN
  0.84933E-01  0.30716E+00          NaN          NaN          NaN
  0.84933E-01  0.31800E+00          NaN          NaN          NaN
  0.84933E-01  0.32884E+00          NaN          NaN          NaN
  0.84933E-01  0.33516E+00          NaN          NaN          NaN
  0.84933E-01  0.34600E+00          NaN          NaN          NaN
  0.84933E-01  0.35684E+00          NaN          NaN          NaN
  0.84933E-01  0.36316E+00          NaN          NaN          NaN
  0.84933E-01  0.37400E+00          NaN          NaN          NaN
  0.84933E-01  0.38484E+00          NaN          NaN          NaN
  0.84933E-01  0.39116E+00          NaN          NaN          NaN
  0.84933E-01  0.40200E+00          NaN          NaN          NaN
  0.84933E-01  0.41284E+00          NaN          NaN          NaN
  0.84933E-01  0.41916E+00          NaN          NaN          NaN
  0.84933E-01  0.43000E+00          NaN          NaN          NaN
  0.84933E-01  0.44084E+00          NaN          NaN          NaN
  0.84933E-01  0.44716E+00          NaN          NaN          NaN
  0.84933E-01  0.45800E+00          NaN          NaN          NaN
  0.84933E-01  0.46884E+00          NaN          NaN          NaN
  0.84933E-01  0.47516E+00          NaN          NaN          NaN
  0.84933E-01  0.48600E+00          NaN          NaN          NaN
  0.84933E-01  0.49684E+00          NaN          NaN          NaN
  0.84933E-01  0.50316E+00          NaN          NaN          NaN
  0.84933E-01  0.51400E+00          NaN          NaN          NaN
  0.84933E-01  0.52484E+00          NaN          NaN          NaN
  0.84933E-01  0.53116E+00          NaN          NaN          NaN
  0.84933E-01  0.54200E+00          NaN          NaN          NaN
  0.84933E-01  0.55284E+00          NaN          NaN          NaN
  0.84933E-01  0.55916E+00          NaN          NaN          NaN
  0.84933E-01  0.57000E+00          NaN          NaN          NaN
  0.84933E-01  0.58084E+00          NaN          NaN          NaN
  0.84933E-01  0.58716E+00          NaN          NaN          NaN
  0.84933E-01  0.59800E+00          NaN          NaN          NaN
  0.84933E-01  0.60884E+00          NaN          NaN          NaN
  0.84933E-01  0.61516E+00          NaN          NaN          NaN
  0.84933E-01  0.62600E+00          NaN          NaN          NaN
  0.84933E-01  0.63684E+00          NaN          NaN          NaN
  0.84933E-01  0.64316E+00          NaN          NaN          NaN
  0.84933E-01  0.65400E+00          NaN          NaN          NaN
  0.84933E-01  0.66484E+00          NaN          NaN          NaN
  0.84933E-01  0.67116E+00          NaN          NaN          NaN
  0.84933E-01  0.68200E+00          NaN          NaN          NaN
  0.84933E-01  0.69284E+00          NaN          NaN          NaN
  0.84933E-01  0.69916E+00          NaN          NaN          NaN
  0.84933E-01  0.71000E+00          NaN          NaN          NaN
  0.84933E-01  0.72084E+00          NaN          NaN          NaN
  0.84933E-01  0.72716E+00          NaN          NaN          NaN
  0.84933E-01  0.73800E+00          NaN          NaN          NaN
  0.84933E-01  0.74884E+00          NaN          NaN          NaN
  0.84933E-01  0.75516E+00          NaN          NaN          NaN
  0.84933E-01  0.76600E+00          NaN          NaN          NaN
  0.84933E-01  0.77684E+00          NaN          NaN          NaN
  0.84933E-01  0.78316E+00          NaN          NaN          NaN
  0.84933E-01  0.79400E+00          NaN          NaN          NaN
  0.84933E-01  0.80484E+00          NaN          NaN          NaN
  0.84933E-01  0.81116E+00          NaN          NaN          NaN
  0.84933E-01  0.82200E+00          NaN          NaN          NaN
  0.84933E-01  0.83284E+00          NaN          NaN          NaN
  0.84933E-01  0.83916E+00          NaN          NaN          NaN
  0.84933E-01  0.85000E+00          NaN          NaN          NaN
  0.84933E-01  0.86084E+00          NaN          NaN          NaN
  0.84933E-01  0.86716E+00          NaN          NaN          NaN
  0.84933E-01  0.87800E+00          NaN          NaN          NaN
  0.84933E-01  0.88884E+00          NaN          NaN          NaN
  0.84933E-01  0.89516E+00          NaN          NaN          NaN
  0.84933E-01  0.90600E+00          NaN          NaN          NaN
  0.84933E-01  0.91684E+00          NaN          NaN          NaN
  0.84933E-01  0.92316E+00          NaN          NaN          NaN
  0.84933E-01  0.93400E+00          NaN          NaN          NaN
  0.84933E-01  0.94484E+00          NaN          NaN          NaN
  0.84933E-01  0.95116E+00          NaN          NaN          NaN
  0.84933E-01  0.96200E+00          NaN          NaN          NaN
  0.84933E-01  0.97284E+00          NaN          NaN          NaN
  0.84933E-01  0.97916E+00          NaN          NaN          NaN
  0.84933E-01  0.99000E+00          NaN          NaN          NaN
  0.84933E-01  0.10008E+01          NaN          NaN          NaN
  0.84933E-01  0.10072E+01          NaN          NaN          NaN
  0.84933E-01  0.10180E+01          NaN          NaN          NaN
  0.84933E-01  0.10288E+01          NaN          NaN          NaN
  0.84933E-01  0.10352E+01          NaN          NaN          NaN
  0.84933E-01  0.10460E+01          NaN          NaN          NaN
  0.84933E-01  0.10568E+01          NaN          NaN          NaN
  0.84933E-01  0.10632E+01          NaN          NaN          NaN
  0.84933E-01  0.10740E+01          NaN          NaN          NaN
  0.84933E-01  0.10848E+01          NaN          NaN          NaN
  0.84933E-01  0.10912E+01          NaN          NaN          NaN
  0.84933E-01  0.11020E+01          NaN          NaN          NaN
  0.84933E-01  0.11128E+01          NaN          NaN          NaN
  0.84933E-01  0.11192E+01          NaN          NaN          NaN
  0.84933E-01  0.11300E+01          NaN          NaN          NaN
  0.84933E-01  0.11408E+01          NaN          NaN          NaN
  0.84933E-01  0.11472E+01          NaN          NaN          NaN
  0.84933E-01  0.11580E+01          NaN          NaN          NaN
  0.84933E-01  0.11688E+01          NaN          NaN          NaN
  0.84933E-01  0.11752E+01          NaN          NaN          NaN
  0.84933E-01  0.11860E+01          NaN          NaN          NaN
  0.84933E-01  0.11968E+01          NaN          NaN          NaN
  0.10004E+00 -0.19684E+00          NaN          NaN          NaN
  0.10004E+00 -0.18600E+00          NaN          NaN          NaN
  0.10004E+00 -0.17516E+00          NaN          NaN          NaN
  0.10004E+00 -0.16884E+00          NaN          NaN          NaN
  0.10004E+00 -0.15800E+00          NaN          NaN          NaN
  0.10004E+00 -0.14716E+00          NaN          NaN          NaN
  0.10004E+00 -0.14084E+00          NaN          NaN          NaN
  0.10004E+00 -0.13000E+00          NaN          NaN          NaN
  0.10004E+00 -0.11916E+00          NaN          NaN          NaN
  0.10004E+00 -0.11284E+00          NaN          NaN          NaN
  0.10004E+00 -0.10200E+00          NaN          NaN          NaN
  0.10004E+00 -0.91156E-01          NaN          NaN          NaN
  0.10004E+00 -0.84844E-01          NaN          NaN          NaN
  0.10004E+00 -0.74000E-01          NaN          NaN          NaN
  0.10004E+00 -0.63156E-01          NaN          NaN          NaN
  0.10004E+00 -0.56844E-01          NaN          NaN          NaN
  0.10004E+00 -0.46000E-01          NaN          NaN          NaN
  0.10004E+00 -0.35156E-01          NaN          NaN          NaN
  0.10004E+00 -0.28844E-01          NaN          NaN          NaN
  0.10004E+00 -0.18000E-01          NaN          NaN          NaN
  0.10004E+00 -0.71556E-02          NaN          NaN          NaN
  0.10004E+00 -0.84435E-03          NaN          NaN          NaN
  0.10004E+00  0.10000E-01          NaN          NaN          NaN
  0.10004E+00  0.20844E-01          NaN          NaN          NaN
  0.10004E+00  0.27156E-01          NaN          NaN          NaN
  0.10004E+00  0.38000E-01          NaN          NaN          NaN
  0.10004E+00  0.48844E-01          NaN          NaN          NaN
  0.10004E+00  0.55156E-01          NaN          NaN          NaN
  0.10004E+00  0.66000E-01          NaN          NaN          NaN
  0.10004E+00  0.76844E-01          NaN          NaN          NaN
  0.10004E+00  0.83156E-01          NaN          NaN          NaN
  0.10004E+00  0.94000E-01          NaN          NaN          NaN
  0.10004E+00  0.10484E+00          NaN          NaN          NaN
  0.10004E+00  0.11116E+00          NaN          NaN          NaN
  0.10004E+00  0.12200E+00          NaN          NaN          NaN
  0.10004E+00  0.13284E+00          NaN          NaN          NaN
  0.10004E+00  0.13916E+00          NaN          NaN          NaN
  0.10004E+00  0.15000E+00          NaN          NaN          NaN
  0.10004E+00  0.16084E+00          NaN          NaN          NaN
  0.10004E+00  0.16716E+00          NaN          NaN          NaN
  0.10004E+00  0.17800E+00          NaN          NaN          NaN
  0.10004E+00  0.18884E+00          NaN          NaN          NaN
  0.10004E+00  0.19516E+00          NaN          NaN          NaN
  0.10004E+00  0.20600E+00          NaN          NaN          NaN
  0.10004E+00  0.21684E+00          NaN          NaN          NaN
  0.10004E+00  0.22316E+00          NaN          NaN          NaN
  0.10004E+00  0.23400E+00          NaN          NaN          NaN
  0.10004E+00  0.24484E+00          NaN          NaN          NaN
  0.10004E+00  0.25116E+00          NaN          NaN          NaN
  0.10004E+00  0.26200E+00          NaN          NaN          NaN
  0.10004E+00  0.27284E+00          NaN          NaN          NaN
  0.10004E+00  0.27916E+00          NaN          NaN          NaN
  0.10004E+00  0.29000E+00          NaN          NaN          NaN
  0.10004E+00  0.30084E+00          NaN          NaN          NaN
  0.10004E+00  0.30716E+00          NaN          NaN          NaN
  0.10004E+00  0.31800E+00          NaN          NaN          NaN
  0.10004E+00  0.32884E+00          NaN          NaN          NaN
  0.10004E+00  0.33516E+00          NaN          NaN          NaN
  0.10004E+00  0.34600E+00          NaN          NaN          NaN
  0.10004E+00  0.35684E+00          NaN          NaN          NaN
  0.10004E+00  0.36316E+00          NaN          NaN          NaN
  0.10004E+00  0.37400E+00          NaN          NaN          NaN
  0.10004E+00  0.38484E+00          NaN          NaN          NaN
  0.10004E+00  0.39116E+00          NaN          NaN          NaN
  0.10004E+00  0.40200E+00          NaN          NaN          NaN
  0.10004E+00  0.41284E+00          NaN          NaN          NaN
  0.10004E+00  0.41916E+00          NaN          NaN          NaN
  0.10004E+00  0.43000E+00          NaN          NaN          NaN
  0.10004E+00  0.44084E+00          NaN          NaN          NaN
  0.10004E+00  0.44716E+00          NaN          NaN          NaN
  0.10004E+00  0.45800E+00          NaN          NaN          NaN
  0.10004E+00  0.46884E+00          NaN          NaN          NaN
  0.10004E+00  0.47516E+00          NaN          NaN          NaN
  0.10004E+00  0.48600E+00          NaN          NaN          NaN
  0.10004E+00  0.49684E+00          NaN          NaN          NaN
  0.10004E+00  0.50316E+00          NaN          NaN          NaN
  0.10004E+00  0.51400E+00          NaN          NaN          NaN
  0.10004E+00  0.52484E+00          NaN          NaN          NaN
  0.10004E+00  0.53116E+00          NaN          NaN          NaN
  0.10004E+00  0.54200E+00          NaN          NaN          NaN
  0.10004E+00  0.55284E+00          NaN          NaN          NaN
  0.10004E+00  0.55916E+00          NaN          NaN          NaN
  0.10004E+00  0.57000E+00          NaN          NaN          NaN
  0.10004E+00  0.58084E+00          NaN          NaN          NaN
  0.10004E+00  0.58716E+00          NaN          NaN          NaN
  0.10004E+00  0.59800E+00          NaN          NaN          NaN
  0.10004E+00  0.60884E+00          NaN          NaN          NaN
  0.10004E+00  0.61516E+00          NaN          NaN          NaN
  0.10004E+00  0.62600E+00          NaN          NaN          NaN
  0.10004E+00  0.63684E+00          NaN          NaN          NaN
  0.10004E+00  0.64316E+00          NaN          NaN          NaN
  0.10004E+00  0.65400E+00          NaN          NaN          NaN
  0.10004E+00  0.66484E+00          NaN          NaN          NaN
  0.10004E+00  0.67116E+00          NaN          NaN          NaN
  0.10004E+00  0.68200E+00          NaN          NaN          NaN
  0.10004E+00  0.69284E+00          NaN          NaN          NaN
  0.10004E+00  0.69916E+00          NaN          NaN          NaN
  0.10004E+00  0.71000E+00          NaN          NaN          NaN
  0.10004E+00  0.72084E+00          NaN          NaN          NaN
  0.10004E+00  0.72716E+00          NaN          NaN          NaN
  0.10004E+00  0.73800E+00          NaN          NaN          NaN
  0.10004E+00  0.74884E+00          NaN          NaN          NaN
  0.10004E+00  0.75516E+00          NaN          NaN          NaN
  0.10004E+00  0.76600E+00          NaN          NaN          NaN
  0.10004E+00  0.77684E+00          NaN          NaN          NaN
  0.10004E+00  0.78316E+00          NaN          NaN          NaN
  0.10004E+00  0.79400E+00          NaN          NaN          NaN
  0.10004E+00  0.80484E+00          NaN          NaN          NaN
  0.10004E+00  0.81116E+00          NaN          NaN          NaN
  0.10004E+00  0.82200E+00          NaN          NaN          NaN
  0.10004E+00  0.83284E+00          NaN          NaN          NaN
  0.10004E+00  0.83916E+00          NaN          NaN          NaN
  0.10004E+00  0.85000E+00          NaN          NaN          NaN
  0.10004E+00  0.86084E+00          NaN          NaN          NaN
  0.10004E+00  0.86716E+00          NaN          NaN          NaN
  0.10004E+00  0.87800E+00          NaN          NaN          NaN
  0.10004E+00  0.88884E+00          NaN          NaN          NaN
  0.10004E+00  0.89516E+00          NaN          NaN          NaN
  0.10004E+00  0.90600E+00          NaN          NaN          NaN
  0.10004E+00  0.91684E+00          NaN          NaN          NaN
  0.10004E+00  0.92316E+00          NaN          NaN          NaN
  0.10004E+00  0.93400E+00          NaN          NaN          NaN
  0.10004E+00  0.94484E+00          NaN          NaN          NaN
  0.10004E+00  0.95116E+00          NaN          NaN          NaN
  0.10004E+00  0.96200E+00          NaN          NaN          NaN
  0.10004E+00  0.97284E+00          NaN          NaN          NaN
  0.10004E+00  0.97916E+00          NaN          NaN          NaN
  0.10004E+00  0.99000E+00          NaN          NaN          NaN
  0.10004E+00  0.10008E+01          NaN          NaN          NaN
  0.10004E+00  0.10072E+01          NaN          NaN          NaN
  0.10004E+00  0.10180E+01          NaN          NaN          NaN
  0.10004E+00  0.10288E+01          NaN          NaN          NaN
  0.10004E+00  0.10352E+01          NaN          NaN          NaN
  0.10004E+00  0.10460E+01          NaN          NaN          NaN
  0.10004E+00  0.10568E+01          NaN          NaN          NaN
  0.10004E+00  0.10632E+01          NaN          NaN          NaN
  0.10004E+00  0.10740E+01          NaN          NaN          NaN
  0.10004E+00  0.10848E+01          NaN          NaN          NaN
  0.10004E+00  0.10912E+01          NaN          NaN          NaN
  0.10004E+00  0.11020E+01          NaN          NaN          NaN
  0.10004E+00  0.11128E+01          NaN          NaN          NaN
  0.10004E+00  0.11192E+01          NaN          NaN          NaN
  0.10004E+00  0.11300E+01          NaN          NaN          NaN
  0.10004E+00  0.11408E+01          NaN          NaN          NaN
  0.10004E+00  0.11472E+01          NaN          NaN          NaN
  0.10004E+00  0.11580E+01          NaN          NaN          NaN
  0.10004E+00  0.11688E+01          NaN          NaN          NaN
  0.10004E+00  0.11752E+01          NaN          NaN          NaN
  0.10004E+00  0.11860E+01          NaN          NaN          NaN
  0.10004E+00  0.11968E+01          NaN          NaN          NaN
