1.000000000000000000e+00 0.000000000000000000e+00 0.000000000000000000e+00
-1.000000000000000000e+00 0.000000000000000000e+00 0.000000000000000000e+00
0.000000000000000000e+00 1.000000000000000000e+00 0.000000000000000000e+00
0.000000000000000000e+00 -1.000000000000000000e+00 0.000000000000000000e+00
0.000000000000000000e+00 0.000000000000000000e+00 -1.000000000000000000e+00
0.000000000000000000e+00 0.000000000000000000e+00 1.000000000000000000e+00
7.979569974525494436e-01 2.491503549668863393e-01 5.488066424856631320e-01
7.979569974525494436e-01 -2.491503549668863393e-01 -5.488066424856631320e-01
7.979569974525494436e-01 5.488066424856631320e-01 -2.491503549668863393e-01
7.979569974525494436e-01 -5.488066424856631320e-01 2.491503549668863393e-01
-7.979569974525494436e-01 2.491503549668863393e-01 -5.488066424856631320e-01
-7.979569974525494436e-01 -2.491503549668863393e-01 5.488066424856631320e-01
-7.979569974525494436e-01 5.488066424856631320e-01 2.491503549668863393e-01
-7.979569974525494436e-01 -5.488066424856631320e-01 -2.491503549668863393e-01
5.488066424856631320e-01 7.979569974525494436e-01 2.491503549668863393e-01
-5.488066424856631320e-01 7.979569974525494436e-01 -2.491503549668863393e-01
-2.491503549668863393e-01 7.979569974525494436e-01 5.488066424856631320e-01
2.491503549668863393e-01 7.979569974525494436e-01 -5.488066424856631320e-01
-5.488066424856631320e-01 -7.979569974525494436e-01 2.491503549668863393e-01
5.488066424856631320e-01 -7.979569974525494436e-01 -2.491503549668863393e-01
2.491503549668863393e-01 -7.979569974525494436e-01 5.488066424856631320e-01
-2.491503549668863393e-01 -7.979569974525494436e-01 -5.488066424856631320e-01
2.491503549668863393e-01 5.488066424856631320e-01 7.979569974525494436e-01
-2.491503549668863393e-01 -5.488066424856631320e-01 7.979569974525494436e-01
5.488066424856631320e-01 -2.491503549668863393e-01 7.979569974525494436e-01
-5.488066424856631320e-01 2.491503549668863393e-01 7.979569974525494436e-01
2.491503549668863393e-01 -5.488066424856631320e-01 -7.979569974525494436e-01
-2.491503549668863393e-01 5.488066424856631320e-01 -7.979569974525494436e-01
5.488066424856631320e-01 2.491503549668863393e-01 -7.979569974525494436e-01
-5.488066424856631320e-01 -2.491503549668863393e-01 -7.979569974525494436e-01
