8.503402074073108663e-01 4.623206278176563155e-01 2.513586456853624251e-01
8.503402074073108663e-01 -4.623206278176563155e-01 -2.513586456853624251e-01
8.503402074073108663e-01 2.513586456853624251e-01 -4.623206278176563155e-01
8.503402074073108663e-01 -2.513586456853624251e-01 4.623206278176563155e-01
-8.503402074073108663e-01 4.623206278176563155e-01 -2.513586456853624251e-01
-8.503402074073108663e-01 -4.623206278176563155e-01 2.513586456853624251e-01
-8.503402074073108663e-01 2.513586456853624251e-01 4.623206278176563155e-01
-8.503402074073108663e-01 -2.513586456853624251e-01 -4.623206278176563155e-01
2.513586456853624251e-01 8.503402074073108663e-01 4.623206278176563155e-01
-2.513586456853624251e-01 8.503402074073108663e-01 -4.623206278176563155e-01
-4.623206278176563155e-01 8.503402074073108663e-01 2.513586456853624251e-01
4.623206278176563155e-01 8.503402074073108663e-01 -2.513586456853624251e-01
-2.513586456853624251e-01 -8.503402074073108663e-01 4.623206278176563155e-01
2.513586456853624251e-01 -8.503402074073108663e-01 -4.623206278176563155e-01
4.623206278176563155e-01 -8.503402074073108663e-01 2.513586456853624251e-01
-4.623206278176563155e-01 -8.503402074073108663e-01 -2.513586456853624251e-01
4.623206278176563155e-01 2.513586456853624251e-01 8.503402074073108663e-01
-4.623206278176563155e-01 -2.513586456853624251e-01 8.503402074073108663e-01
2.513586456853624251e-01 -4.623206278176563155e-01 8.503402074073108663e-01
-2.513586456853624251e-01 4.623206278176563155e-01 8.503402074073108663e-01
4.623206278176563155e-01 -2.513586456853624251e-01 -8.503402074073108663e-01
-4.623206278176563155e-01 2.513586456853624251e-01 -8.503402074073108663e-01
2.513586456853624251e-01 4.623206278176563155e-01 -8.503402074073108663e-01
-2.513586456853624251e-01 -4.623206278176563155e-01 -8.503402074073108663e-01
