-3.134345515240219981e-01 6.659968191579890284e-01 6.769099044794479880e-01
-9.055052990053019668e-01 -1.647909611692000009e-01 3.910295290515160005e-01
0.000000000000000000e+00 -1.000000000000000000e+00 0.000000000000000000e+00
-8.660254037042129927e-01 5.000000001389549587e-01 1.181840000000000077e-10
8.660254037042129927e-01 5.000000001389549587e-01 -1.181849999999999905e-10
6.411800000000000285e-11 -1.308240000000000024e-10 1.000000000000000000e+00
-6.411800000000000285e-11 -1.308240000000000024e-10 -1.000000000000000000e+00
3.134345515240219981e-01 6.659968191579890284e-01 -6.769099044794479880e-01
9.055052990053019668e-01 -1.647909611692000009e-01 -3.910295290515160005e-01
4.200528886495469849e-01 -6.044406938616480041e-01 -6.769099041535889816e-01
-5.954658081536069458e-01 -7.017951115506959603e-01 -3.910295292219210239e-01
-4.200528886495479841e-01 -6.044406938616470049e-01 6.769099041535889816e-01
5.954658081536069458e-01 -7.017951115506969595e-01 3.910295292219210239e-01
7.334874403016800049e-01 -6.155612540992699833e-02 6.769099041557939955e-01
3.100394907642810005e-01 8.665860728253500511e-01 3.910295290023029779e-01
-7.334874403016800049e-01 -6.155612540992699833e-02 -6.769099041557949947e-01
-3.100394907642810005e-01 8.665860728253500511e-01 -3.910295290023019787e-01
