6.185449999999999563e-10 -3.650930000000000027e-10 1.000000000000000000e+00
-6.318102095197759560e-01 3.259834582609499876e-02 7.744373486577079690e-01
3.441360995330580153e-01 5.308645196284630385e-01 7.744373485297659787e-01
2.876741098495669835e-01 -5.634628650093289615e-01 7.744373481939890169e-01
-5.779591287474420414e-01 -6.397552119540109716e-01 5.066325239018679705e-01
8.430238306868620413e-01 -1.806496807461369924e-01 5.066325233740609502e-01
-2.650647028849579812e-01 8.204048937237830019e-01 5.066325232736019757e-01
7.814749079333750403e-01 5.488918328954669468e-01 2.966727558290079836e-01
8.461681608427899792e-02 -9.512230393278340301e-01 2.966727555534520167e-01
-8.660917255288409500e-01 4.023312059754399761e-01 2.966727551846020106e-01
8.660254034109829968e-01 -5.000000006468440228e-01 3.880860000000000183e-10
0.000000000000000000e+00 1.000000000000000000e+00 0.000000000000000000e+00
-8.660254034109829968e-01 -5.000000006468440228e-01 -3.880850000000000097e-10
8.660917255288409500e-01 4.023312059754399761e-01 -2.966727551846020106e-01
-8.461681608427899792e-02 -9.512230393278340301e-01 -2.966727555534520167e-01
-7.814749079333750403e-01 5.488918328954669468e-01 -2.966727558290089828e-01
2.650647028849569820e-01 8.204048937237830019e-01 -5.066325232736019757e-01
-8.430238306868610421e-01 -1.806496807461369924e-01 -5.066325233740609502e-01
5.779591287474420414e-01 -6.397552119540109716e-01 -5.066325239018679705e-01
-2.876741098495669835e-01 -5.634628650093289615e-01 -7.744373481939890169e-01
-3.441360995330570161e-01 5.308645196284630385e-01 -7.744373485297659787e-01
6.318102095197749568e-01 3.259834582609499876e-02 -7.744373486577079690e-01
-6.185449999999999563e-10 -3.650930000000000027e-10 -1.000000000000000000e+00
