-5.771661979184690150e-01 -3.644700571202699746e-02 8.158129661601160043e-01
5.771661979184680158e-01 -3.644700571202599826e-02 8.158129661601160043e-01
-2.571194699666419781e-01 5.181142014573599797e-01 8.157495034704439485e-01
2.571194699666419781e-01 5.181142014573609789e-01 8.157495034704429493e-01
-3.202300429695220108e-01 -4.816944293858340109e-01 8.157347585326949480e-01
3.202300429695220108e-01 -4.816944293858340109e-01 8.157347585326949480e-01
-5.672451626638910227e-01 7.705127901902479870e-01 2.907627307404699879e-01
5.672451626638920219e-01 7.705127901902479870e-01 2.907627307404689887e-01
-3.836485100117160152e-01 -8.765191204625699672e-01 2.907370843723139919e-01
3.836485100117160152e-01 -8.765191204625689680e-01 2.907370843723139919e-01
-9.509219123963960074e-01 1.060178229685290047e-01 2.907021460832289739e-01
9.509219123963960074e-01 1.060178229685290047e-01 2.907021460832289739e-01
-8.660435790983469495e-01 -4.999685181114160160e-01 0.000000000000000000e+00
8.660435790983469495e-01 -4.999685181114150168e-01 0.000000000000000000e+00
0.000000000000000000e+00 1.000000000000000000e+00 0.000000000000000000e+00
-9.509219123963960074e-01 1.060178229685290047e-01 -2.907021460832289739e-01
9.509219123963960074e-01 1.060178229685290047e-01 -2.907021460832289739e-01
-3.836485100117150160e-01 -8.765191204625699672e-01 -2.907370843723139919e-01
3.836485100117160152e-01 -8.765191204625689680e-01 -2.907370843723139919e-01
-5.672451626638920219e-01 7.705127901902469878e-01 -2.907627307404689887e-01
5.672451626638920219e-01 7.705127901902479870e-01 -2.907627307404689887e-01
-3.202300429695220108e-01 -4.816944293858340109e-01 -8.157347585326949480e-01
3.202300429695220108e-01 -4.816944293858340109e-01 -8.157347585326949480e-01
-2.571194699666419781e-01 5.181142014573609789e-01 -8.157495034704429493e-01
2.571194699666419781e-01 5.181142014573609789e-01 -8.157495034704429493e-01
-5.771661979184680158e-01 -3.644700571202699746e-02 -8.158129661601160043e-01
5.771661979184680158e-01 -3.644700571202699746e-02 -8.158129661601160043e-01
