9.248913528916000507e-03 4.752462441623099831e-01 -8.798042197035389478e-01
-2.874740062697099877e-02 9.962334805699719631e-01 -8.180732943099600085e-02
-2.565292806801369729e-01 2.908720290901660177e-01 9.217299988861710203e-01
-7.324474706528789625e-01 6.372613387062270318e-01 2.396219708719299901e-01
-4.582736605765809768e-01 8.424618460495509886e-01 -2.832724659625819874e-01
3.147121963141579770e-01 -7.467158518467590378e-01 5.859792403250210224e-01
5.865994002064569557e-01 7.936063659203009824e-01 1.615242385779890044e-01
-6.367824058630949802e-01 4.221481736536519813e-01 6.452124356086880175e-01
-5.190918236741479674e-01 -5.429416606477509566e-01 -6.601197101493859742e-01
-6.697919292456080420e-01 5.645099041047190180e-01 -4.823974913752430149e-01
-8.699999999999999532e-14 7.199999999999999613e-14 -1.000000000000000000e+00
-4.069508763811470198e-01 2.456329231859860074e-01 -8.798042118901929776e-01
-8.771371937502350224e-01 4.732207786333930133e-01 -8.180732246913099970e-02
-3.801672581525449846e-01 -7.672487218910800655e-02 9.217299766289159813e-01
-9.181082349373309581e-01 -3.156874586060989807e-01 2.396219885967910135e-01
-9.587301948180469990e-01 2.435429040300799916e-02 -2.832724520371069921e-01
8.040310065043549947e-01 -1.008092020208500028e-01 5.859792192283900247e-01
-3.939835720557169907e-01 9.048131675236470439e-01 1.615242298419710121e-01
-6.839822567396279807e-01 -3.403956567496099761e-01 6.452124218669119671e-01
2.106553492583480014e-01 -7.210175387638789735e-01 -6.601197108280599801e-01
-8.237758843604130465e-01 -2.978018861052539878e-01 -4.823974802778019932e-01
-4.161997966968939977e-01 -2.296133268935519889e-01 -8.798042108005269535e-01
-8.483898044355679957e-01 -5.230127150147989568e-01 -8.180733257249900303e-02
-1.236379219673670038e-01 -3.675969089815189772e-01 9.217299912440870546e-01
-1.856607705993960078e-01 -9.529487855447319467e-01 2.396219739282260119e-01
-5.004565234829679854e-01 -8.181075662295379525e-01 -2.832724451501130170e-01
4.893187931862290063e-01 6.459066798405149745e-01 5.859792484142889446e-01
-9.805829784267400262e-01 1.112067881466159980e-01 1.615242170383690001e-01
-4.719983022130899708e-02 -7.625438390673360267e-01 6.452124220189250359e-01
7.297471928404209995e-01 -1.780758761422280012e-01 -6.601196989014209704e-01
-1.539839609492590078e-01 -8.623117765274129765e-01 -4.823974915280069831e-01
-9.248913528823999447e-03 -4.752462441622469780e-01 -8.798042197035730316e-01
2.874740062699000093e-02 -9.962334805699709639e-01 -8.180732943100099686e-02
2.565292806801030001e-01 -2.908720290901540273e-01 9.217299988861850091e-01
7.324474706528749657e-01 -6.372613387062350254e-01 2.396219708719219965e-01
4.582736605766040139e-01 -8.424618460495350014e-01 -2.832724659625939778e-01
-3.147121963141319978e-01 7.467158518467820194e-01 5.859792403250050352e-01
-5.865994002064569557e-01 -7.936063659202989840e-01 1.615242385779999956e-01
6.367824058630969786e-01 -4.221481736536309981e-01 6.452124356086990087e-01
5.190918236741850489e-01 5.429416606477099894e-01 -6.601197101493909702e-01
6.697919292455990492e-01 -5.645099041047310084e-01 -4.823974913752420157e-01
4.069508763810870122e-01 -2.456329231859369910e-01 -8.798042118902350550e-01
8.771371937502530081e-01 -4.732207786333649802e-01 -8.180732246909699912e-02
3.801672581525070149e-01 7.672487218911300255e-02 9.217299766289309693e-01
9.181082349373490548e-01 3.156874586060530175e-01 2.396219885967819929e-01
9.587301948180300126e-01 -2.435429040299800021e-02 -2.832724520371669996e-01
-8.040310065043749788e-01 1.008092020208490036e-01 5.859792192283630463e-01
3.939835720557199883e-01 -9.048131675236460447e-01 1.615242298419700129e-01
6.839822567396239839e-01 3.403956567496039809e-01 6.452124218669199607e-01
-2.106553492583849996e-01 7.210175387638659839e-01 -6.601197108280629777e-01
8.237758843604280345e-01 2.978018861052489918e-01 -4.823974802777790116e-01
4.161997966969169793e-01 2.296133268934749949e-01 -8.798042108005369455e-01
8.483898044355600021e-01 5.230127150148190518e-01 -8.180733257245000056e-02
1.236379219673379992e-01 3.675969089815249724e-01 9.217299912440880538e-01
1.856607705994270108e-01 9.529487855447259514e-01 2.396219739282270111e-01
5.004565234829709830e-01 8.181075662295189677e-01 -2.832724451501619778e-01
-4.893187931861999740e-01 -6.459066798405429521e-01 5.859792484142829494e-01
9.805829784267410254e-01 -1.112067881466179964e-01 1.615242170383590081e-01
4.719983022133499712e-02 7.625438390673370259e-01 6.452124220189230375e-01
-7.297471928404419828e-01 1.780758761421490088e-01 -6.601196989014189720e-01
1.539839609492610062e-01 8.623117765274189717e-01 -4.823974915279959919e-01
