9.333646931993099249e-01 3.535421889214719893e-01 -6.195377423185970817e-02
9.333646931993099249e-01 -3.535421889214719893e-01 6.195377423185970817e-02
9.333646931993099249e-01 -6.195377423185970817e-02 -3.535421889214719893e-01
9.333646931993099249e-01 6.195377423185970817e-02 3.535421889214719893e-01
-9.333646931993099249e-01 3.535421889214719893e-01 6.195377423185970817e-02
-9.333646931993099249e-01 -3.535421889214719893e-01 -6.195377423185970817e-02
-9.333646931993099249e-01 -6.195377423185970817e-02 3.535421889214719893e-01
-9.333646931993099249e-01 6.195377423185970817e-02 -3.535421889214719893e-01
-6.195377423185970817e-02 9.333646931993099249e-01 3.535421889214719893e-01
6.195377423185970817e-02 9.333646931993099249e-01 -3.535421889214719893e-01
-3.535421889214719893e-01 9.333646931993099249e-01 -6.195377423185970817e-02
3.535421889214719893e-01 9.333646931993099249e-01 6.195377423185970817e-02
6.195377423185970817e-02 -9.333646931993099249e-01 3.535421889214719893e-01
-6.195377423185970817e-02 -9.333646931993099249e-01 -3.535421889214719893e-01
3.535421889214719893e-01 -9.333646931993099249e-01 -6.195377423185970817e-02
-3.535421889214719893e-01 -9.333646931993099249e-01 6.195377423185970817e-02
3.535421889214719893e-01 -6.195377423185970817e-02 9.333646931993099249e-01
-3.535421889214719893e-01 6.195377423185970817e-02 9.333646931993099249e-01
-6.195377423185970817e-02 -3.535421889214719893e-01 9.333646931993099249e-01
6.195377423185970817e-02 3.535421889214719893e-01 9.333646931993099249e-01
3.535421889214719893e-01 6.195377423185970817e-02 -9.333646931993099249e-01
-3.535421889214719893e-01 -6.195377423185970817e-02 -9.333646931993099249e-01
-6.195377423185970817e-02 3.535421889214719893e-01 -9.333646931993099249e-01
6.195377423185970817e-02 -3.535421889214719893e-01 -9.333646931993099249e-01
7.068416977125503431e-01 6.397400986197919748e-01 3.018400579657685157e-01
7.068416977125503431e-01 -6.397400986197919748e-01 -3.018400579657685157e-01
7.068416977125503431e-01 3.018400579657685157e-01 -6.397400986197919748e-01
7.068416977125503431e-01 -3.018400579657685157e-01 6.397400986197919748e-01
-7.068416977125503431e-01 6.397400986197919748e-01 -3.018400579657685157e-01
-7.068416977125503431e-01 -6.397400986197919748e-01 3.018400579657685157e-01
-7.068416977125503431e-01 3.018400579657685157e-01 6.397400986197919748e-01
-7.068416977125503431e-01 -3.018400579657685157e-01 -6.397400986197919748e-01
3.018400579657685157e-01 7.068416977125503431e-01 6.397400986197919748e-01
-3.018400579657685157e-01 7.068416977125503431e-01 -6.397400986197919748e-01
-6.397400986197919748e-01 7.068416977125503431e-01 3.018400579657685157e-01
6.397400986197919748e-01 7.068416977125503431e-01 -3.018400579657685157e-01
-3.018400579657685157e-01 -7.068416977125503431e-01 6.397400986197919748e-01
3.018400579657685157e-01 -7.068416977125503431e-01 -6.397400986197919748e-01
6.397400986197919748e-01 -7.068416977125503431e-01 3.018400579657685157e-01
-6.397400986197919748e-01 -7.068416977125503431e-01 -3.018400579657685157e-01
6.397400986197919748e-01 3.018400579657685157e-01 7.068416977125503431e-01
-6.397400986197919748e-01 -3.018400579657685157e-01 7.068416977125503431e-01
3.018400579657685157e-01 -6.397400986197919748e-01 7.068416977125503431e-01
-3.018400579657685157e-01 6.397400986197919748e-01 7.068416977125503431e-01
6.397400986197919748e-01 -3.018400579657685157e-01 -7.068416977125503431e-01
-6.397400986197919748e-01 3.018400579657685157e-01 -7.068416977125503431e-01
3.018400579657685157e-01 6.397400986197919748e-01 -7.068416977125503431e-01
-3.018400579657685157e-01 -6.397400986197919748e-01 -7.068416977125503431e-01
