9.794320854900000484e-01 0.000000000000000000e+00 2.017741061520000045e-01
-3.264773618430000246e-01 -4.035482123279999778e-01 -8.547288298230000247e-01
-9.794320854900000484e-01 0.000000000000000000e+00 -2.017741061520000045e-01
-6.529547236470000238e-01 2.017741061760000010e-01 7.300255741710000024e-01
3.264773618430000246e-01 4.035482123279999778e-01 8.547288298230000247e-01
6.529547236470000238e-01 -2.017741061760000010e-01 -7.300255741710000024e-01
3.264773618430000246e-01 -4.035482123279999778e-01 8.547288298230000247e-01
6.529547236470000238e-01 2.017741061760000010e-01 -7.300255741710000024e-01
-3.264773618430000246e-01 4.035482123279999778e-01 -8.547288298230000247e-01
-6.529547236470000238e-01 -2.017741061760000010e-01 7.300255741710000024e-01
4.035482123279999778e-01 -8.547288298230000247e-01 -3.264773618430000246e-01
-8.547288298230000247e-01 3.264773618430000246e-01 -4.035482123279999778e-01
-4.035482123279999778e-01 8.547288298230000247e-01 3.264773618430000246e-01
8.547288298230000247e-01 -3.264773618430000246e-01 4.035482123279999778e-01
-7.300255741710000024e-01 -6.529547236470000238e-01 2.017741061760000010e-01
2.017741061760000010e-01 7.300255741710000024e-01 6.529547236470000238e-01
7.300255741710000024e-01 6.529547236470000238e-01 -2.017741061760000010e-01
-2.017741061760000010e-01 -7.300255741710000024e-01 -6.529547236470000238e-01
-4.035482123279999778e-01 -8.547288298230000247e-01 3.264773618430000246e-01
8.547288298230000247e-01 3.264773618430000246e-01 4.035482123279999778e-01
4.035482123279999778e-01 8.547288298230000247e-01 -3.264773618430000246e-01
-8.547288298230000247e-01 -3.264773618430000246e-01 -4.035482123279999778e-01
7.300255741710000024e-01 -6.529547236470000238e-01 -2.017741061760000010e-01
-2.017741061760000010e-01 7.300255741710000024e-01 -6.529547236470000238e-01
-7.300255741710000024e-01 6.529547236470000238e-01 2.017741061760000010e-01
2.017741061760000010e-01 -7.300255741710000024e-01 6.529547236470000238e-01
0.000000000000000000e+00 -2.017741061520000045e-01 -9.794320854900000484e-01
0.000000000000000000e+00 2.017741061520000045e-01 9.794320854900000484e-01
-7.300255741710000024e-01 -6.529547236470000238e-01 -2.017741061760000010e-01
-2.017741061520000045e-01 9.794320854900000484e-01 0.000000000000000000e+00
7.300255741710000024e-01 6.529547236470000238e-01 2.017741061760000010e-01
2.017741061520000045e-01 -9.794320854900000484e-01 0.000000000000000000e+00
-8.547288298230000247e-01 3.264773618430000246e-01 4.035482123279999778e-01
8.547288298230000247e-01 -3.264773618430000246e-01 -4.035482123279999778e-01
0.000000000000000000e+00 -2.017741061520000045e-01 9.794320854900000484e-01
0.000000000000000000e+00 2.017741061520000045e-01 -9.794320854900000484e-01
7.300255741710000024e-01 -6.529547236470000238e-01 2.017741061760000010e-01
2.017741061520000045e-01 9.794320854900000484e-01 0.000000000000000000e+00
-7.300255741710000024e-01 6.529547236470000238e-01 -2.017741061760000010e-01
-2.017741061520000045e-01 -9.794320854900000484e-01 0.000000000000000000e+00
8.547288298230000247e-01 3.264773618430000246e-01 -4.035482123279999778e-01
-8.547288298230000247e-01 -3.264773618430000246e-01 4.035482123279999778e-01
-4.035482123279999778e-01 -8.547288298230000247e-01 -3.264773618430000246e-01
2.017741061760000010e-01 7.300255741710000024e-01 -6.529547236470000238e-01
4.035482123279999778e-01 8.547288298230000247e-01 3.264773618430000246e-01
-2.017741061760000010e-01 -7.300255741710000024e-01 6.529547236470000238e-01
-6.529547236470000238e-01 2.017741061760000010e-01 -7.300255741710000024e-01
6.529547236470000238e-01 -2.017741061760000010e-01 7.300255741710000024e-01
-3.264773618430000246e-01 -4.035482123279999778e-01 8.547288298230000247e-01
-4.035482123279999778e-01 8.547288298230000247e-01 -3.264773618430000246e-01
3.264773618430000246e-01 4.035482123279999778e-01 -8.547288298230000247e-01
4.035482123279999778e-01 -8.547288298230000247e-01 3.264773618430000246e-01
-2.017741061760000010e-01 7.300255741710000024e-01 6.529547236470000238e-01
2.017741061760000010e-01 -7.300255741710000024e-01 -6.529547236470000238e-01
6.529547236470000238e-01 2.017741061760000010e-01 7.300255741710000024e-01
-6.529547236470000238e-01 -2.017741061760000010e-01 -7.300255741710000024e-01
3.264773618430000246e-01 -4.035482123279999778e-01 -8.547288298230000247e-01
-3.264773618430000246e-01 4.035482123279999778e-01 8.547288298230000247e-01
-9.794320854900000484e-01 0.000000000000000000e+00 2.017741061520000045e-01
9.794320854900000484e-01 0.000000000000000000e+00 -2.017741061520000045e-01
