2.171645889028870069e-01 -5.234149026728629472e-01 8.239395493521339819e-01
5.234149026728629472e-01 2.171645889028900045e-01 8.239395493521329827e-01
-5.234149026728670551e-01 -2.171645889028900045e-01 8.239395493521309843e-01
-2.171645889028910037e-01 5.234149026728659448e-01 8.239395493521309843e-01
-9.603731115906559701e-01 -2.723510526510519725e-01 5.923166934627099867e-02
2.723510526510560248e-01 -9.603731115906549709e-01 5.923166934626999947e-02
-2.723510526510509733e-01 9.603731115906559701e-01 5.923166934626900026e-02
9.603731115906559701e-01 2.723510526510530272e-01 5.923166934626800106e-02
1.674705772373979995e-01 7.907526524689260095e-01 5.887816644335409633e-01
-7.907526524689260095e-01 1.674705772374009971e-01 5.887816644335399641e-01
7.907526524689270087e-01 -1.674705772373960011e-01 5.887816644335399641e-01
-1.674705772373989987e-01 -7.907526524689280079e-01 5.887816644335389649e-01
6.268549472339769446e-01 -6.851531423520510478e-01 3.709690642808349814e-01
-6.851531423520530462e-01 -6.268549472339780548e-01 3.709690642808299854e-01
6.851531423520540454e-01 6.268549472339759454e-01 3.709690642808299854e-01
-6.268549472339780548e-01 6.851531423520550446e-01 3.709690642808259886e-01
-2.000000000000000155e-15 1.000000000000000078e-15 1.000000000000000000e+00
-1.000000000000000078e-15 -2.000000000000000155e-15 -1.000000000000000000e+00
-6.268549472339769446e-01 -6.851531423520550446e-01 -3.709690642808269878e-01
6.851531423520560438e-01 -6.268549472339759454e-01 -3.709690642808279870e-01
-6.851531423520530462e-01 6.268549472339759454e-01 -3.709690642808329830e-01
6.268549472339759454e-01 6.851531423520520470e-01 -3.709690642808339822e-01
-7.907526524689260095e-01 -1.674705772374009971e-01 -5.887816644335389649e-01
-1.674705772373979995e-01 7.907526524689270087e-01 -5.887816644335389649e-01
7.907526524689260095e-01 1.674705772373979995e-01 -5.887816644335409633e-01
1.674705772374009971e-01 -7.907526524689260095e-01 -5.887816644335409633e-01
9.603731115906559701e-01 -2.723510526510509733e-01 -5.923166934626800106e-02
2.723510526510560248e-01 9.603731115906549709e-01 -5.923166934626900026e-02
-2.723510526510489749e-01 -9.603731115906569693e-01 -5.923166934626999947e-02
-9.603731115906559701e-01 2.723510526510530272e-01 -5.923166934627099867e-02
-2.171645889028910037e-01 -5.234149026728670551e-01 -8.239395493521309843e-01
-5.234149026728649456e-01 2.171645889028880061e-01 -8.239395493521319835e-01
5.234149026728649456e-01 -2.171645889028910037e-01 -8.239395493521319835e-01
2.171645889028880061e-01 5.234149026728629472e-01 -8.239395493521339819e-01
