5.773502691896258421e-01 5.773502691896258421e-01 5.773502691896258421e-01
5.773502691896258421e-01 -5.773502691896258421e-01 -5.773502691896258421e-01
-5.773502691896258421e-01 5.773502691896258421e-01 -5.773502691896258421e-01
-5.773502691896258421e-01 -5.773502691896258421e-01 5.773502691896258421e-01
-9.030073291598592622e-01 -1.826964031330544913e-01 -3.888441690006705920e-01
-9.030073291598592622e-01 1.826964031330544913e-01 3.888441690006705920e-01
9.030073291598592622e-01 -1.826964031330544913e-01 3.888441690006705920e-01
9.030073291598592622e-01 1.826964031330544913e-01 -3.888441690006705920e-01
-3.888441690006705920e-01 -9.030073291598592622e-01 -1.826964031330544913e-01
3.888441690006705920e-01 -9.030073291598592622e-01 1.826964031330544913e-01
3.888441690006705920e-01 9.030073291598592622e-01 -1.826964031330544913e-01
-3.888441690006705920e-01 9.030073291598592622e-01 1.826964031330544913e-01
-1.826964031330544913e-01 -3.888441690006705920e-01 -9.030073291598592622e-01
1.826964031330544913e-01 3.888441690006705920e-01 -9.030073291598592622e-01
-1.826964031330544913e-01 3.888441690006705920e-01 9.030073291598592622e-01
1.826964031330544913e-01 -3.888441690006705920e-01 9.030073291598592622e-01
