7.809773141522019513e-01 -5.172619253523590421e-01 3.500207641846169726e-01
5.748209179071499947e-02 -9.349769854943560388e-01 3.500197790400559894e-01
-8.384507509633990496e-01 4.177131208284969865e-01 3.500229805264640226e-01
-8.384507509633990496e-01 -4.177131208284969865e-01 3.500229805264640226e-01
5.748209179071599867e-02 9.349769854943560388e-01 3.500197790400569886e-01
7.809773141522019513e-01 5.172619253523590421e-01 3.500207641846169726e-01
-7.809773141522019513e-01 -5.172619253523590421e-01 -3.500207641846169726e-01
-5.748209179071599867e-02 -9.349769854943570380e-01 -3.500197790400559894e-01
8.384507509633990496e-01 4.177131208284969865e-01 -3.500229805264640226e-01
8.384507509633990496e-01 -4.177131208284969865e-01 -3.500229805264640226e-01
-7.809773141522019513e-01 5.172619253523590421e-01 -3.500207641846169726e-01
-5.748209179071499947e-02 9.349769854943560388e-01 -3.500197790400559894e-01
-2.475026854554210065e-01 4.286885651196850056e-01 8.688892534886020202e-01
4.950010157651060227e-01 0.000000000000000000e+00 8.688923951741740481e-01
-2.475026854554210065e-01 -4.286885651196850056e-01 8.688892534886020202e-01
2.475026854554210065e-01 4.286885651196850056e-01 -8.688892534886020202e-01
-4.950010157651060227e-01 0.000000000000000000e+00 -8.688923951741740481e-01
2.475026854554210065e-01 -4.286885651196850056e-01 -8.688892534886020202e-01
