-1.194838566164990040e-01 -5.158298730769229623e-01 8.483178355130189807e-01
1.194838566164980048e-01 5.158298730769229623e-01 8.483178355130189807e-01
-5.158298730769409479e-01 1.194838566165049992e-01 8.483178355130069903e-01
5.158298730769409479e-01 -1.194838566165040000e-01 8.483178355130069903e-01
-5.773502691896259531e-01 -5.773502691896279515e-01 5.773502691896239547e-01
-5.773502691896149619e-01 5.773502691896390537e-01 5.773502691896239547e-01
5.773502691896149619e-01 -5.773502691896380545e-01 5.773502691896239547e-01
5.773502691896259531e-01 5.773502691896279515e-01 5.773502691896229555e-01
-8.483178355130089887e-01 -1.194838566164929949e-01 5.158298730769399487e-01
8.483178355130089887e-01 1.194838566164929949e-01 5.158298730769399487e-01
-1.194838566164790061e-01 8.483178355130149839e-01 5.158298730769339535e-01
1.194838566164810045e-01 -8.483178355130149839e-01 5.158298730769339535e-01
-8.483178355130169823e-01 5.158298730769269591e-01 1.194838566164960064e-01
8.483178355130169823e-01 -5.158298730769279583e-01 1.194838566164949933e-01
-5.158298730769399487e-01 -8.483178355130099879e-01 1.194838566164889981e-01
5.158298730769409479e-01 8.483178355130099879e-01 1.194838566164879989e-01
0.000000000000000000e+00 0.000000000000000000e+00 1.000000000000000000e+00
-1.000000000000000000e+00 -1.000000000000000078e-15 0.000000000000000000e+00
1.000000000000000000e+00 0.000000000000000000e+00 0.000000000000000000e+00
0.000000000000000000e+00 -1.000000000000000000e+00 0.000000000000000000e+00
0.000000000000000000e+00 1.000000000000000000e+00 0.000000000000000000e+00
0.000000000000000000e+00 -1.000000000000000078e-15 -1.000000000000000000e+00
-5.158298730769409479e-01 8.483178355130099879e-01 -1.194838566164879989e-01
5.158298730769399487e-01 -8.483178355130099879e-01 -1.194838566164879989e-01
-8.483178355130169823e-01 -5.158298730769279583e-01 -1.194838566164949933e-01
8.483178355130169823e-01 5.158298730769269591e-01 -1.194838566164949933e-01
-1.194838566164810045e-01 -8.483178355130149839e-01 -5.158298730769339535e-01
1.194838566164790061e-01 8.483178355130149839e-01 -5.158298730769339535e-01
-8.483178355130099879e-01 1.194838566164939941e-01 -5.158298730769399487e-01
8.483178355130089887e-01 -1.194838566164929949e-01 -5.158298730769399487e-01
-5.773502691896259531e-01 5.773502691896279515e-01 -5.773502691896229555e-01
5.773502691896259531e-01 -5.773502691896289507e-01 -5.773502691896229555e-01
-5.773502691896159611e-01 -5.773502691896380545e-01 -5.773502691896239547e-01
5.773502691896149619e-01 5.773502691896390537e-01 -5.773502691896239547e-01
-5.158298730769409479e-01 -1.194838566165049992e-01 -8.483178355130069903e-01
5.158298730769419471e-01 1.194838566165049992e-01 -8.483178355130069903e-01
1.194838566164990040e-01 -5.158298730769229623e-01 -8.483178355130189807e-01
-1.194838566164990040e-01 5.158298730769209639e-01 -8.483178355130199799e-01
