4.024752679999999753e-07 3.526297999999999893e-09 9.999999999999189537e-01
-8.860684208149159913e-01 -4.528608187239879790e-01 9.899410335570499320e-02
8.860682627464719907e-01 4.528611540501349952e-01 9.899398419009400318e-02
-4.528669198235389937e-01 8.860659866134129592e-01 9.898798056501199871e-02
4.528662741465099839e-01 -8.860663268437179996e-01 9.898788902860700123e-02
-4.528606347416879729e-01 -9.899207490345500460e-02 8.860687414685529673e-01
4.528612760270189774e-01 9.899214738193599927e-02 8.860684056165719635e-01
-9.899258632262999957e-02 4.528658352231850204e-01 8.860660264002699904e-01
9.899305116360500312e-02 -4.528658766326740248e-01 8.860659533031609580e-01
-5.638151362403119871e-01 3.300749879843050127e-01 7.570752898183109592e-01
5.638154717324299625e-01 -3.300751231857739776e-01 7.570749810217179965e-01
-3.300717603918830179e-01 -5.638180603868829799e-01 7.570745193000339990e-01
3.300719799641950170e-01 5.638182069090319493e-01 7.570743144503060407e-01
-7.570729934688500418e-01 -3.300732521770339822e-01 5.638192358880560473e-01
7.570732123315729867e-01 3.300734055697420177e-01 5.638188522083540377e-01
-3.300777146276049900e-01 7.570756435541250440e-01 5.638130649810489947e-01
3.300774978215760269e-01 -7.570758641243909848e-01 5.638128957306259847e-01
-8.860661431412329980e-01 9.899188480627600650e-02 4.528657601556119738e-01
8.860662955994760281e-01 -9.899201063470500217e-02 4.528654343545340244e-01
-9.898910636209300173e-02 -8.860684429247159821e-01 4.528618677638949763e-01
9.898863885283500086e-02 8.860685036395009595e-01 4.528618511600620011e-01
-5.638167570226739755e-01 -7.570733113083549792e-01 3.300767574444429808e-01
5.638164148995700176e-01 7.570736164098139653e-01 3.300766420484210206e-01
-7.570766067884610040e-01 5.638146928992300300e-01 3.300727245996210035e-01
7.570763902379009647e-01 -5.638150799962829973e-01 3.300725600729860210e-01
-4.345546409999999840e-07 9.999999999999059641e-01 2.214593099999999976e-08
7.570763950841710166e-01 5.638150882085779525e-01 -3.300725349293839872e-01
-7.570766258113079683e-01 -5.638146794752789681e-01 -3.300727038977229744e-01
5.638164188766660034e-01 -7.570736069737330487e-01 -3.300766568978690252e-01
-5.638167535322929913e-01 7.570733004350560513e-01 -3.300767883458000096e-01
9.898864932755499502e-02 -8.860685078891139543e-01 -4.528618405556659732e-01
-9.898912370418799789e-02 8.860684394876190417e-01 -4.528618706981770159e-01
8.860662960261009857e-01 9.899200222596600540e-02 -4.528654353578789871e-01
-8.860661426874250068e-01 -9.899185842855200146e-02 -4.528657668094259736e-01
3.300774983475759927e-01 7.570758890268419750e-01 -5.638128619842069922e-01
-3.300777281848890077e-01 -7.570756670917400122e-01 -5.638130254383090234e-01
7.570731911805079761e-01 -3.300734026592839765e-01 -5.638188823130030336e-01
-7.570729628806690537e-01 3.300732484240380127e-01 -5.638192791576820406e-01
1.000000000000000000e+00 -1.862617400000000004e-08 -6.935422000000000248e-09
-1.000000000000000000e+00 3.190116800000000285e-08 -7.163418999999999745e-09
3.300719516045820257e-01 -5.638182057643990053e-01 -7.570743276670760524e-01
-3.300717234428119928e-01 5.638180378855199848e-01 -7.570745521667030520e-01
5.638154892067499535e-01 3.300751522283359995e-01 -7.570749553458989700e-01
-5.638151472006389664e-01 -3.300750161453390175e-01 -7.570752693780029574e-01
-3.863224630000000218e-07 -9.999999999999259481e-01 -8.049537000000000593e-09
9.899308826816799467e-02 4.528658813240429848e-01 -8.860659467600190409e-01
-9.899261046653599905e-02 -4.528658591001120115e-01 -8.860660114994469705e-01
4.528612714738989853e-01 -9.899212981105699749e-02 -8.860684099066580277e-01
-4.528606088883490033e-01 9.899203957208599358e-02 -8.860687586291670081e-01
4.528662444547350008e-01 8.860663440760350174e-01 -9.898787061652900010e-02
-4.528669041311970123e-01 -8.860659961455239486e-01 -9.898796703268999964e-02
8.860682535074400068e-01 -4.528611693363360224e-01 -9.899399695739499738e-02
-8.860684012132969967e-01 4.528608528748719886e-01 -9.899412257682499439e-02
4.174218959999999839e-07 -1.698057799999999947e-08 -9.999999999999129585e-01
