9.483369883000000670e-06 -2.191644410270000127e-04 9.999999759385069797e-01
-3.247488227909570147e-01 3.620971502011949839e-01 8.737412980465449897e-01
4.760312131524460089e-01 1.003998756508250045e-01 8.736785158591859890e-01
-1.509768585028649912e-01 -4.624883948643069842e-01 8.736764119583649846e-01
-5.948939533773039967e-01 -2.308333841206999977e-03 8.038008807098929731e-01
2.955621553636270105e-01 5.163616216711770512e-01 8.037497670182669474e-01
2.999255268636830118e-01 -5.139786785565609861e-01 8.036607470349620419e-01
-1.299999999999999983e-14 1.000000000000000000e+00 8.000000000000000622e-15
-2.217265097990359923e-01 7.611744702358099746e-01 6.094676207261320311e-01
-5.480634074678939482e-01 -5.729468111061040148e-01 6.093918714899519973e-01
7.704896487554659945e-01 -1.879264416685690053e-01 6.091217888751540022e-01
-8.574674328945709467e-01 -1.932275449428909886e-01 4.768780949053310070e-01
5.962205790235559633e-01 -6.459640006822400249e-01 4.767090632360689861e-01
2.618368853232950211e-01 8.392568603093909507e-01 4.765389468950250174e-01
-1.165938224251159977e-01 -8.854653769302439636e-01 4.498410239518860210e-01
-7.082919763813390057e-01 5.440364991103380232e-01 4.498297053659129907e-01
8.254439400791979686e-01 3.414995081435869828e-01 4.494667815581239734e-01
-8.659261524496240092e-01 -5.001718676245250350e-01 3.661674011999999860e-05
-9.296005512243850077e-01 2.898510212619220261e-01 2.276602746127220078e-01
2.139624877149270132e-01 -9.500109435725949680e-01 2.273747148280730046e-01
7.158458306170609742e-01 6.602183634597440509e-01 2.273245682690460123e-01
-4.349378544806329905e-01 8.915302356558010288e-01 1.265025756705989990e-01
-5.544114341826049674e-01 -8.225932010424269469e-01 1.263660842408300122e-01
9.896512038794149646e-01 -6.912484642726099415e-02 1.257467704016000110e-01
-9.896512038794159638e-01 -6.912484642726199335e-02 -1.257467704015909904e-01
5.544114341826179571e-01 -8.225932010424049645e-01 -1.263660842409149998e-01
4.349378544806000169e-01 8.915302356558190144e-01 -1.265025756705870086e-01
-7.158458306170929486e-01 6.602183634597179607e-01 -2.273245682690210046e-01
-2.139624877148789961e-01 -9.500109435726009632e-01 -2.273747148280929886e-01
9.296005512243700197e-01 2.898510212619869741e-01 -2.276602746127019961e-01
8.659261524496180140e-01 -5.001718676245350270e-01 -3.661674008700000155e-05
-8.254439400791909742e-01 3.414995081435779900e-01 -4.494667815581430137e-01
7.082919763813020353e-01 5.440364991103819881e-01 -4.498297053659179867e-01
1.165938224251539951e-01 -8.854653769302199828e-01 -4.498410239519229914e-01
-2.618368853233289939e-01 8.392568603093929491e-01 -4.765389468950029794e-01
-5.962205790235559633e-01 -6.459640006822330305e-01 -4.767090632360789781e-01
8.574674328946200186e-01 -1.932275449428030034e-01 -4.768780949052789930e-01
-7.704896487554719897e-01 -1.879264416685899886e-01 -6.091217888751400134e-01
5.480634074679779921e-01 -5.729468111059979885e-01 -6.093918714899769773e-01
2.217265097990019918e-01 7.611744702358219650e-01 -6.094676207261290335e-01
-2.999255268636700222e-01 -5.139786785565709781e-01 -8.036607470349610427e-01
-2.955621553636260113e-01 5.163616216711870432e-01 -8.037497670182619514e-01
5.948939533772950039e-01 -2.308333841154999906e-03 -8.038008807098989683e-01
1.509768585028989918e-01 -4.624883948643089826e-01 -8.736764119583579902e-01
-4.760312131524530033e-01 1.003998756508199947e-01 -8.736785158591829914e-01
3.247488227909339775e-01 3.620971502011919863e-01 -8.737412980465549817e-01
-9.483369916999999735e-06 -2.191644410469999920e-04 -9.999999759385069797e-01
