-9.164105933115419544e-01 3.880949584177360023e-01 -9.784644969095100675e-02
-3.370115264146669731e-01 6.424319655841890242e-01 -6.882618692469399946e-01
-2.612192854456660274e-01 -5.864945200751460197e-01 7.666737655829110043e-01
-5.496427682771469758e-01 3.028883741191270018e-01 7.785572940407829989e-01
3.250173528343289764e-01 3.429205350381269723e-01 -8.813451236636700159e-01
9.564856146942719572e-01 1.575272510541499971e-01 -2.456021865909240043e-01
-1.198957959719289951e-01 1.625949956206780012e-01 9.793813687769280518e-01
5.833502140990359797e-01 -7.175968665495560117e-01 3.804697948968719934e-01
7.515741797408730385e-01 4.936078358480470163e-01 4.375929121183769754e-01
-2.009906697514690088e-01 -6.736198483462809694e-01 -7.112236290976200470e-01
7.534385142531100366e-01 6.574400102020689918e-01 1.015077462904800075e-02
7.369255506877999684e-01 4.493128276408480115e-01 -5.050333807392020091e-01
-7.363410197302400206e-02 9.081262973839869801e-01 4.121706527959940192e-01
-8.604257483665570527e-01 3.956150850433809985e-01 3.211794452233330266e-01
4.183674824215010135e-01 8.318106333691840382e-01 3.647735185923600132e-01
4.422871565291919826e-01 2.488394466847340114e-01 8.616617671354329655e-01
-4.983802739603570009e-01 -8.061079998266560409e-01 -3.190720845556179741e-01
6.595632988650720341e-01 2.891109759294600151e-02 -7.510928060008269513e-01
6.373766887074000520e-02 -9.197217247890540071e-01 -3.873621800304870022e-01
-7.928759880720610553e-01 3.019213223506950206e-01 -5.293308820093159950e-01
8.000571572455139613e-01 3.514307235897599913e-02 5.988935711838949683e-01
4.137072773303099860e-01 -9.102757734351629715e-01 1.563025850581399936e-02
6.181969499165620441e-01 -7.259078159421159526e-01 -3.014803042787490006e-01
-2.178834150519229906e-01 6.209084664321949942e-01 7.529936877279459484e-01
3.042959956123240106e-01 -3.081947725722459785e-01 -9.013434024906640252e-01
-9.804906783601490261e-01 -1.295044136768510046e-01 1.478737180403270068e-01
-1.562258418896909917e-01 -9.876802828894449826e-01 -9.008058463614000699e-03
-4.197800000000000228e-10 1.146618000000000103e-09 -1.000000000000000000e+00
9.164105929366590519e-01 -3.880949595121699902e-01 -9.784644886110399620e-02
3.370115256869529730e-01 -6.424319647799640043e-01 -6.882618703539430394e-01
2.612192849928359761e-01 5.864945199607870530e-01 7.666737658246810527e-01
5.496427692443609514e-01 -3.028883742202589935e-01 7.785572933186090117e-01
-3.250173519934649868e-01 -3.429205345909809854e-01 -8.813451241477380238e-01
-9.564856145216520389e-01 -1.575272522702690081e-01 -2.456021864831750001e-01
1.198957969559810016e-01 -1.625949961389810128e-01 9.793813685704130245e-01
-5.833502145876260370e-01 7.175968662601269754e-01 3.804697946936340114e-01
-7.515741802315030196e-01 -4.936078343979919958e-01 4.375929129113830252e-01
2.009906689238910027e-01 6.736198483301010231e-01 -7.112236293468170434e-01
-7.534385144278280544e-01 -6.574400099973419787e-01 1.015077492031100058e-02
-7.369255501537820274e-01 -4.493128289888129734e-01 -5.050333803191779936e-01
7.363410017545099495e-02 -9.081262971877900325e-01 4.121706535494070178e-01
8.604257487031480300e-01 -3.956150842200619744e-01 3.211794453357499912e-01
-4.183674840116949900e-01 -8.318106329641760111e-01 3.647735176920879896e-01
-4.422871558739990272e-01 -2.488394467450049941e-01 8.616617674543349814e-01
4.983802752062829744e-01 8.061079987169470495e-01 -3.190720854131049999e-01
-6.595632990083579728e-01 -2.891109908425900168e-02 -7.510928058175979638e-01
-6.373766780414499844e-02 9.197217249977429621e-01 -3.873621797104940256e-01
7.928759880926700143e-01 -3.019213234471029850e-01 -5.293308813530750445e-01
-8.000571570122060328e-01 -3.514307105441599743e-02 5.988935715721199760e-01
-4.137072767035109844e-01 9.102757737425309914e-01 1.563025719561200039e-02
-6.181969508954310299e-01 7.259078154479789990e-01 -3.014803034613309785e-01
2.178834151646920070e-01 -6.209084663498160017e-01 7.529936877632440462e-01
-3.042959965798370248e-01 3.081947735678490230e-01 -9.013434018236039513e-01
9.804906783144969884e-01 1.295044144228789940e-01 1.478737176896700034e-01
1.562258435665269951e-01 9.876802826223709530e-01 -9.008058665523000635e-03
