0.000000000000000000e+00 0.000000000000000000e+00 1.000000000000000000e+00
8.450740236862769317e-01 0.000000000000000000e+00 5.346493191716285009e-01
0.000000000000000000e+00 8.450740236862769317e-01 5.346493191716285009e-01
-8.450740236862769317e-01 0.000000000000000000e+00 5.346493191716285009e-01
0.000000000000000000e+00 -8.450740236862769317e-01 5.346493191716285009e-01
9.989335991152781258e-01 0.000000000000000000e+00 -4.616995298456240404e-02
0.000000000000000000e+00 -9.989335991152781258e-01 -4.616995298456240404e-02
-9.989335991152781258e-01 0.000000000000000000e+00 -4.616995298456240404e-02
0.000000000000000000e+00 9.989335991152781258e-01 -4.616995298456240404e-02
6.742760752955344605e-01 0.000000000000000000e+00 -7.384793661870659998e-01
0.000000000000000000e+00 -6.742760752955344605e-01 -7.384793661870659998e-01
-6.742760752955344605e-01 0.000000000000000000e+00 -7.384793661870659998e-01
0.000000000000000000e+00 6.742760752955344605e-01 -7.384793661870659998e-01
