5.530359455875240027e-01 -4.720502222559440075e-01 6.865273705805380322e-01
-4.720502274596730108e-01 6.865273657666379759e-01 5.530359471216960143e-01
-5.530359455874700458e-01 4.720502225054740153e-01 6.865273704090060214e-01
6.865273723664030436e-01 5.530359415017249702e-01 -4.720502244454319873e-01
4.720502285674120224e-01 6.865273648053049627e-01 -5.530359473695519723e-01
6.865273720316900086e-01 -5.530359415181640426e-01 4.720502249129640004e-01
4.720502283409270250e-01 -6.865273652682359895e-01 5.530359469881980239e-01
-6.865273717321449531e-01 -5.530359429652730308e-01 -4.720502236532300167e-01
-4.720502275804659975e-01 -6.865273656085270071e-01 -5.530359472148680400e-01
-6.865273710216549530e-01 5.530359429830480344e-01 4.720502246657080070e-01
5.530359466448859784e-01 4.720502216916089844e-01 -6.865273701168059794e-01
-5.530359472128320020e-01 -4.720502224652869949e-01 -6.865273691273200418e-01
5.341516544244360176e-01 7.920823931523259809e-01 2.954445676158600209e-01
7.920823974890389696e-01 2.954445683760439922e-01 5.341516475731480362e-01
-5.341516546059199566e-01 -7.920823927601730041e-01 2.954445683390989896e-01
2.954445679493509780e-01 5.341516453418869714e-01 7.920823991528760377e-01
-7.920823976007660416e-01 2.954445692975700144e-01 -5.341516468977649534e-01
2.954445678295919975e-01 -5.341516453644880036e-01 -7.920823991823050525e-01
-7.920823978659109477e-01 -2.954445679335430119e-01 5.341516472590449593e-01
-2.954445679620419929e-01 -5.341516456003500002e-01 7.920823989738450255e-01
7.920823971287770382e-01 -2.954445690843199857e-01 -5.341516477156179610e-01
-2.954445674894439766e-01 5.341516447626100117e-01 -7.920823997150640006e-01
5.341516544647929576e-01 -7.920823931259269868e-01 -2.954445676136699950e-01
-5.341516544608669870e-01 7.920823927136629861e-01 -2.954445687260430220e-01
-9.877839019893629446e-01 -8.366313346394000511e-03 -1.556051662756040010e-01
-8.366316491904999750e-03 -1.556051662541939884e-01 -9.877839019660940023e-01
9.877839020420180471e-01 8.366312354304999283e-03 -1.556051659946879884e-01
-1.556051675072520069e-01 -9.877839018153200534e-01 -8.366310987654999518e-03
8.366315777746999652e-03 -1.556051667664770100e-01 9.877839018914430502e-01
-1.556051684243930089e-01 9.877839016674919703e-01 8.366311383277999156e-03
8.366317026601999968e-03 1.556051667060530108e-01 -9.877839018903840085e-01
1.556051668358580109e-01 9.877839019198360049e-01 -8.366311135093000562e-03
-8.366315838957000262e-03 1.556051656859480103e-01 9.877839020611399734e-01
1.556051677615080120e-01 -9.877839017739820093e-01 8.366311139443000089e-03
-9.877839021131400443e-01 8.366313179595000551e-03 1.556051654988359900e-01
9.877839021656430463e-01 -8.366312162938999847e-03 1.556051652202080082e-01
9.507649813879449630e-01 2.027274941124909968e-01 -2.344088592550430117e-01
2.027274967899959923e-01 -2.344088607327569906e-01 9.507649804527049664e-01
-9.507649809862369628e-01 -2.027274948474850069e-01 -2.344088602487210127e-01
-2.344088502156700116e-01 9.507649832330109518e-01 2.027274959113820052e-01
-2.027274972989600021e-01 -2.344088615925410124e-01 -9.507649801322030081e-01
-2.344088501157700066e-01 -9.507649833228990488e-01 -2.027274956053299881e-01
-2.027274967590509958e-01 2.344088604914849883e-01 9.507649805187889935e-01
2.344088505693270041e-01 -9.507649832537470314e-01 2.027274954052100120e-01
2.027274975652030020e-01 2.344088616793759960e-01 -9.507649800540249885e-01
2.344088503414610003e-01 9.507649833052239652e-01 -2.027274954272670071e-01
9.507649813805389982e-01 -2.027274936956059981e-01 2.344088596456209983e-01
-9.507649809706659738e-01 2.027274944264320089e-01 2.344088606760230120e-01
5.120729891159829794e-01 -1.240516071700760031e-01 -8.499367344551850278e-01
-1.240516096533599982e-01 -8.499367347162669617e-01 5.120729880810549473e-01
-5.120729889353700104e-01 1.240516066744210000e-01 -8.499367346363440046e-01
-8.499367347256450156e-01 5.120729893519020415e-01 -1.240516043431769966e-01
1.240516097069469942e-01 -8.499367344192839679e-01 -5.120729885610040277e-01
-8.499367341856189917e-01 -5.120729901339510226e-01 1.240516048149249984e-01
1.240516099052720034e-01 8.499367341592090064e-01 5.120729889446310468e-01
8.499367344868650198e-01 -5.120729897186669932e-01 -1.240516044651950034e-01
-1.240516097769129994e-01 8.499367349119090198e-01 -5.120729877263989760e-01
8.499367338659730153e-01 5.120729907276490023e-01 1.240516045542460061e-01
5.120729896570439532e-01 1.240516068374589997e-01 8.499367341777509521e-01
-5.120729893965739743e-01 -1.240516069700319940e-01 8.499367343153300114e-01
3.918836979149760147e-01 8.504231947935849689e-01 -3.510093404249470250e-01
8.504231953303970082e-01 -3.510093359232440147e-01 3.918837007822100205e-01
-3.918836974663060246e-01 -8.504231950076680535e-01 -3.510093404071850109e-01
-3.510093358722429779e-01 3.918837053260609826e-01 8.504231932575949671e-01
-8.504231945931279846e-01 -3.510093374446540126e-01 -3.918837010194269888e-01
-3.510093379994499996e-01 -3.918837052641879759e-01 -8.504231924081080418e-01
-8.504231944686729827e-01 3.510093377603369924e-01 3.918837010067490190e-01
3.510093355274980231e-01 -3.918837058668520057e-01 8.504231931506850417e-01
8.504231953614159734e-01 3.510093361703769954e-01 -3.918837004935389889e-01
3.510093368734830133e-01 3.918837061640699782e-01 -8.504231924581729940e-01
3.918836983231809845e-01 -8.504231947867779695e-01 3.510093399856999974e-01
-3.918836981670359987e-01 8.504231948119019835e-01 3.510093400991560197e-01
-6.371433781201160107e-01 -6.284993741332820516e-01 4.461354642165979989e-01
-6.284993752049540250e-01 4.461354680865760036e-01 -6.371433743531780269e-01
6.371433775770699581e-01 6.284993748268230540e-01 4.461354640151090067e-01
4.461354669911080095e-01 -6.371433738119599566e-01 -6.284993765312260061e-01
6.284993759118969736e-01 4.461354682922670234e-01 6.371433735117989494e-01
4.461354673116639802e-01 6.371433734809539562e-01 6.284993766392390491e-01
6.284993752708899484e-01 -4.461354686663919766e-01 -6.371433738821430381e-01
-4.461354670064370254e-01 6.371433732864240085e-01 -6.284993770531079882e-01
-6.284993761951469526e-01 -4.461354678872510027e-01 6.371433735159890421e-01
-4.461354676330939739e-01 -6.371433733821350032e-01 6.284993765112529829e-01
-6.371433778168560380e-01 6.284993739350579478e-01 -4.461354649289460128e-01
6.371433775429560242e-01 -6.284993747841900458e-01 -4.461354641238869934e-01
-4.203787081845959950e-01 9.035659576472320209e-01 -8.276655052671899604e-02
9.035659605471290101e-01 -8.276654807481699516e-02 -4.203787024342720002e-01
4.203787076875200035e-01 -9.035659579043220369e-01 -8.276655024474299793e-02
-8.276654593922000425e-02 -4.203787012835850101e-01 9.035659612780999606e-01
-9.035659607605539545e-01 -8.276654714625300557e-02 4.203787021583579864e-01
-8.276654503910599314e-02 4.203787012540780021e-01 -9.035659613742790253e-01
-9.035659605096849623e-01 8.276654772283599526e-02 -4.203787025840560188e-01
8.276654605224099959e-02 4.203787004398820137e-01 9.035659616602750299e-01
9.035659609093500411e-01 8.276654786268300423e-02 4.203787016974779855e-01
8.276654567939599472e-02 -4.203787012705280102e-01 -9.035659613079749519e-01
-4.203787075055049893e-01 -9.035659579454949908e-01 8.276655071972199851e-02
4.203787069560330214e-01 9.035659582334379936e-01 8.276655036706200008e-02
4.918482984737960195e-01 3.553670079722869857e-01 7.948581891968250490e-01
3.553670126265959794e-01 7.948581877088960468e-01 4.918482975155830106e-01
-4.918482983446310075e-01 -3.553670081567439909e-01 7.948581891942839706e-01
7.948581920629109732e-01 4.918482946262249800e-01 3.553670068869009824e-01
-3.553670125488890275e-01 7.948581876341590524e-01 -4.918482976925079853e-01
7.948581920911830245e-01 -4.918482946181820248e-01 -3.553670068347959954e-01
-3.553670126054029876e-01 -7.948581876190899953e-01 4.918482976760280012e-01
-7.948581926084099525e-01 -4.918482939269669951e-01 3.553670066345829825e-01
3.553670125079900211e-01 -7.948581879865349586e-01 -4.918482971525959813e-01
-7.948581923580539943e-01 4.918482945785169758e-01 -3.553670062927780093e-01
4.918482979798090016e-01 -3.553670078685580158e-01 -7.948581895488739946e-01
-4.918482975718079797e-01 3.553670074172149973e-01 -7.948581900031269631e-01
6.066725580591499772e-02 9.779826388870600518e-01 1.996733385018679974e-01
9.779826388105760104e-01 1.996733414823129993e-01 6.066724722937100189e-02
-6.066725576912999907e-02 -9.779826389361819805e-01 1.996733382724510120e-01
1.996733379093700023e-01 6.066725097601800148e-02 9.779826393076429536e-01
-9.779826390721679807e-01 1.996733402420809989e-01 -6.066724709436199792e-02
1.996733373731379990e-01 -6.066725108681100126e-02 -9.779826394102519860e-01
-9.779826389789210150e-01 -1.996733407028709884e-01 6.066724708094300283e-02
-1.996733379900360039e-01 -6.066725130688600115e-02 9.779826392706489901e-01
9.779826388978649643e-01 -1.996733410525939889e-01 -6.066724723656199969e-02
-1.996733370842010136e-01 6.066725078957500156e-02 -9.779826394876820483e-01
6.066725570000999768e-02 -9.779826388984560470e-01 -1.996733384782319876e-01
-6.066725607420900279e-02 9.779826389619390437e-01 -1.996733380536039881e-01
-7.083129618733460253e-01 7.024145919905340207e-01 7.004633467198599639e-02
7.024145841583939731e-01 7.004632814692500486e-02 -7.083129702855399668e-01
7.083129618062400379e-01 -7.024145919500019986e-01 7.004633575700699999e-02
7.004632573079300206e-02 -7.083129711293000286e-01 7.024145835484909561e-01
-7.024145842416019692e-01 7.004632881992700622e-02 7.083129701364699882e-01
7.004632513807500238e-02 7.083129713932310167e-01 -7.024145833414500162e-01
-7.024145843408819978e-01 -7.004632732975700493e-02 -7.083129701853819737e-01
-7.004632609498599727e-02 7.083129705424070499e-01 7.024145841039930449e-01
7.024145841262819934e-01 -7.004632899964499670e-02 7.083129702330579480e-01
-7.004632593765999782e-02 -7.083129702923990356e-01 -7.024145843717900517e-01
-7.083129612904699446e-01 -7.024145924889559911e-01 -7.004633556796399652e-02
7.083129610595130243e-01 7.024145926403829732e-01 -7.004633638491400416e-02
-6.087782464978910291e-01 -7.295294625447330539e-01 -3.117303480095349744e-01
-7.295294611628020398e-01 -3.117303415315250126e-01 -6.087782514710520232e-01
6.087782466796729519e-01 7.295294620234890060e-01 -3.117303488743800033e-01
-3.117303430694020050e-01 -6.087782534161340076e-01 -7.295294588825279591e-01
7.295294609550669884e-01 -3.117303419927739960e-01 6.087782514838040449e-01
-3.117303424530459832e-01 6.087782538377419783e-01 7.295294587940750475e-01
7.295294612856030314e-01 3.117303412869020240e-01 -6.087782514491539843e-01
3.117303426760669738e-01 6.087782545845650262e-01 -7.295294580755680158e-01
-7.295294607371669571e-01 3.117303426257059806e-01 6.087782514208259776e-01
3.117303425000449990e-01 -6.087782544496139758e-01 7.295294582633969904e-01
-6.087782472925320487e-01 7.295294620208300218e-01 3.117303476837500198e-01
6.087782473304520492e-01 -7.295294616178460423e-01 3.117303485527809781e-01
2.301027741906510049e-01 -8.077565541706229757e-01 5.427541455430510142e-01
-8.077565520843450475e-01 5.427541494247279941e-01 2.301027723584629925e-01
-2.301027736836009918e-01 8.077565541973330543e-01 5.427541457182659679e-01
5.427541442060189736e-01 2.301027725135640079e-01 -8.077565555467579594e-01
8.077565521327509934e-01 5.427541491807930107e-01 -2.301027727639209930e-01
5.427541438768900273e-01 -2.301027734329549879e-01 8.077565555060050029e-01
8.077565522293089773e-01 -5.427541488826159721e-01 2.301027731282830058e-01
-5.427541450840049908e-01 -2.301027725000650004e-01 -8.077565549606600115e-01
-8.077565522377380125e-01 -5.427541493469090206e-01 -2.301027720035430102e-01
-5.427541442887859890e-01 2.301027732279549987e-01 8.077565552876390109e-01
2.301027740976749891e-01 8.077565540258959675e-01 -5.427541457978589667e-01
-2.301027735623570047e-01 -8.077565537617610314e-01 -5.427541464179089781e-01
-4.963838094741049867e-01 -8.625182307751310118e-01 -9.831284388376600181e-02
-8.625182242873330463e-01 -9.831283897578499409e-02 -4.963838217193899949e-01
4.963838095962310182e-01 8.625182306862210213e-01 -9.831284404717299807e-02
-9.831283935004099528e-02 -4.963838230195620205e-01 -8.625182234964180461e-01
8.625182243002610383e-01 -9.831283833314699572e-02 4.963838218242059841e-01
-9.831283829978200439e-02 4.963838230786359884e-01 8.625182235821330368e-01
8.625182244705149603e-01 9.831283852450599381e-02 -4.963838214904719992e-01
9.831283917121000360e-02 4.963838243140409889e-01 -8.625182227718219963e-01
-8.625182240785880250e-01 9.831283937838700138e-02 4.963838220023670256e-01
9.831283847005599374e-02 -4.963838238101500044e-01 8.625182231417349854e-01
-4.963838100694220046e-01 8.625182304143790279e-01 9.831284404294300672e-02
4.963838104038140187e-01 -8.625182302154630332e-01 9.831284409972600169e-02
2.786925513279580047e-01 9.193131884651309926e-01 2.778375844776739823e-01
9.193131917449719470e-01 2.778375815265590187e-01 2.786925434509229804e-01
-2.786925515665469866e-01 -9.193131884136299670e-01 2.778375844087579982e-01
2.778375830510049771e-01 2.786925449083509920e-01 9.193131908424260201e-01
-9.193131921803260331e-01 2.778375803459510185e-01 -2.786925431918220175e-01
2.778375820085319803e-01 -2.786925450460709941e-01 -9.193131911157349512e-01
-9.193131921965039810e-01 -2.778375802556449781e-01 2.786925432284890203e-01
-2.778375828255750246e-01 -2.786925452655750202e-01 9.193131908022630361e-01
9.193131918140520220e-01 -2.778375810866550166e-01 -2.786925436616070062e-01
-2.778375815286019956e-01 2.786925445358109932e-01 -9.193131914154679674e-01
2.786925512993890242e-01 -9.193131886048899748e-01 -2.778375840438940259e-01
-2.786925517195549817e-01 9.193131885016330163e-01 -2.778375839640920275e-01
7.117238189820730421e-01 -1.473551783591069975e-01 -6.868301514234279592e-01
-1.473551800456200100e-01 -6.868301516966509590e-01 7.117238183692320419e-01
-7.117238189949870453e-01 1.473551790836349906e-01 -6.868301512546030052e-01
-6.868301560317550125e-01 7.117238162213119779e-01 -1.473551702138959918e-01
1.473551798781810029e-01 -6.868301515087299469e-01 -7.117238185852460264e-01
-6.868301558996560141e-01 -7.117238164804049472e-01 1.473551695782019944e-01
1.473551798320489881e-01 6.868301511512620028e-01 7.117238189397619985e-01
6.868301563077070515e-01 -7.117238161174279654e-01 -1.473551694294309988e-01
-1.473551804107280094e-01 6.868301515960829606e-01 -7.117238183906889892e-01
6.868301558133359519e-01 7.117238166677689604e-01 1.473551690755789956e-01
7.117238191679540193e-01 1.473551778536359991e-01 6.868301513392559565e-01
-7.117238189582320018e-01 -1.473551779327429978e-01 6.868301515396070256e-01
9.108668157709010060e-01 -4.075474740818870178e-01 6.501307789093599410e-02
-4.075474700550140161e-01 6.501307469252999571e-02 9.108668178009230454e-01
-9.108668160296600202e-01 4.075474735167600171e-01 6.501307780819899629e-02
6.501307141712299453e-02 9.108668172437730526e-01 -4.075474718227449777e-01
4.075474695472239839e-01 6.501307442432699424e-02 -9.108668180472659914e-01
6.501307150394400325e-02 -9.108668171938549829e-01 4.075474719204619789e-01
4.075474699947019830e-01 -6.501307473049799945e-02 9.108668178251989600e-01
-6.501307123716699998e-02 -9.108668170028290101e-01 -4.075474723899619733e-01
-4.075474694929540065e-01 -6.501307476090900650e-02 -9.108668180475250065e-01
-6.501307089406900552e-02 9.108668170468959824e-01 4.075474723462039761e-01
9.108668155710269998e-01 4.075474746073929899e-01 -6.501307739703199307e-02
-9.108668158269980220e-01 -4.075474740697619946e-01 -6.501307718099699762e-02
