7.434704474670129626e-01 -5.907357769228169797e-01 -3.135010934695369733e-01
-7.434711431021100436e-01 5.907417795715930176e-01 -3.134881325393830132e-01
-9.702970320273870408e-01 -2.341995916845719949e-01 -6.061535196321000268e-02
9.702974252649420039e-01 2.341988799007410083e-01 -6.061180724464299702e-02
9.230190522374399631e-01 2.561339456613709875e-01 2.871083960573719840e-01
-9.230216521942270491e-01 -2.561339393184979829e-01 2.871000430334830211e-01
4.877224619210699941e-01 7.654364243445099802e-01 -4.198021920194590084e-01
-4.877152293370650149e-01 -7.654362631255100524e-01 -4.198108885738299767e-01
-4.770481701417000030e-03 -3.832931600905939984e-01 -9.236144195128740408e-01
4.749628341126000373e-03 3.833013387735830224e-01 -9.236111328502929485e-01
9.861026135035200202e-01 -1.585604043518450135e-01 4.960074408017200315e-02
-9.861003234321520372e-01 1.585633700940589919e-01 4.963677861647199790e-02
3.507983962011609891e-01 3.293216154906680182e-01 -8.766343358512199702e-01
-3.508155863159860277e-01 -3.293040401744289913e-01 -8.766340590705850033e-01
3.450282523715240135e-01 -8.814403672460100481e-01 -3.225188119391980135e-01
-3.450225327073729864e-01 8.814474741175369887e-01 -3.225055073886389789e-01
-9.051290310677120310e-01 1.047610102046099972e-01 4.120273872685349947e-01
9.051423401950939862e-01 -1.047592152042000069e-01 4.119986053568009954e-01
-6.947062211661649833e-01 1.615674712054369910e-01 7.009131319366960211e-01
6.947281366598839769e-01 -1.615735544270600066e-01 7.008900075210739988e-01
-5.464601846353630554e-01 -7.286196098845429958e-01 4.129100758034139895e-01
5.464385062915400049e-01 7.286360458596139456e-01 4.129097619528219743e-01
-5.948472689507600109e-01 5.337907285425069759e-01 6.010192881629360384e-01
5.948598256027030073e-01 -5.337996729241190064e-01 6.009989160306570266e-01
-4.716793156919799751e-02 6.672750764638679666e-01 7.433163246973809590e-01
4.719133823863899679e-02 -6.672957078576899903e-01 7.432963176754949775e-01
6.687727612081439954e-01 4.862620676021410238e-01 -5.623986090641810431e-01
-6.687744576691140308e-01 -4.862556620380810157e-01 -5.624021300682370272e-01
-4.728899916101820255e-01 6.812133617265619945e-01 -5.588590266248879557e-01
4.728862182502520106e-01 -6.812031471867210364e-01 -5.588746700753950414e-01
-3.611736549175320055e-01 4.189652671695769937e-01 8.330796455916069654e-01
3.611990526707359872e-01 -4.189768892931879929e-01 8.330627891029389609e-01
-2.777362244898259891e-01 -9.349007748050940370e-01 2.209595684168760010e-01
2.777195089410939843e-01 9.349066119520079710e-01 2.209558808494030135e-01
8.276832953931549941e-01 -4.557153985401919960e-01 3.275115846202710235e-01
-8.276735087305240324e-01 4.557189553522200121e-01 3.275313674724680268e-01
-8.510855569233329865e-01 5.231736904017929568e-01 -4.407566752606999899e-02
8.510861099181890044e-01 -5.231716167497869607e-01 -4.408960117463899681e-02
7.628988661292800399e-01 -3.155336861285750194e-01 -5.642905395067090435e-01
-7.629099245644820337e-01 3.155364758117650270e-01 -5.642740286716260156e-01
-2.636454738583999830e-03 8.005043998811800510e-01 -5.993210782854909713e-01
2.642772060378000172e-03 -8.004926265297800381e-01 -5.993367756339430530e-01
-7.753314447983959967e-01 -5.919832062445500309e-01 2.200387107562070121e-01
7.753288841798430253e-01 5.919778217757599714e-01 2.200622182067309973e-01
2.394352631534920062e-01 4.790057976171239740e-01 8.445260212733529670e-01
-2.394220993425369981e-01 -4.790403140658530123e-01 8.445101750992120015e-01
-6.228927078522960015e-01 -1.404908085286480091e-01 -7.695888559636250292e-01
6.228723861802329953e-01 1.405018352803699966e-01 -7.696032905445450156e-01
3.276545297656799915e-01 -9.071577377315699631e-02 -9.404324311255799484e-01
-3.276840028355609835e-01 9.073095712275000557e-02 -9.404206971910249457e-01
8.369434758761100379e-02 9.431460167214199553e-01 -3.216688473016979799e-01
-8.368695388793000178e-02 -9.431407550603170264e-01 -3.216861978593639759e-01
9.503509644765699704e-01 -1.306924486617359882e-01 -2.824049011282430133e-01
-9.503593568414350212e-01 1.307030771522549872e-01 -2.823717381163790008e-01
-2.274417874193609967e-01 5.704724471132089914e-01 -7.891966931127839535e-01
2.274426427876339862e-01 -5.704514822750209602e-01 -7.892116006572690301e-01
3.171752909753279837e-01 -7.885404884446559626e-01 5.268811373338200266e-01
-3.171712085401149905e-01 7.885263027143669667e-01 5.269048248031269477e-01
7.565374488206300096e-01 2.713427157102329956e-01 5.949993438340650531e-01
-7.565462488823190279e-01 -2.713462474973120098e-01 5.949865437732340112e-01
-3.859846795280200138e-01 -9.182219864719209923e-01 -8.879307816046599910e-02
3.860037535618420224e-01 9.182144343140620224e-01 -8.878825853386100586e-02
8.454152043108520420e-01 9.234604029268600467e-02 -5.260659095230389992e-01
-8.454281436487089962e-01 -9.232846774086800323e-02 -5.260481992853139888e-01
-9.139721002478899681e-02 9.957439374430570034e-01 -1.185584434290000086e-02
9.139901698486699311e-02 -9.957436021748770072e-01 -1.187006411108300005e-02
-5.346341402896039874e-01 3.015842340816800027e-01 -7.894385889923060118e-01
5.346254515387860451e-01 -3.015597799410170143e-01 -7.894538147915139970e-01
2.131522075723550069e-01 1.198168010661280064e-01 9.696443010657630479e-01
-2.131369765186109932e-01 -1.198500461263270062e-01 9.696435405261160101e-01
5.349788497037080148e-01 4.807667311968479851e-01 6.947380661400349711e-01
-5.349797499080050089e-01 -4.807585628627509822e-01 6.947430254579820552e-01
-1.474415871720360094e-01 9.443649258132920110e-01 2.939997708601940207e-01
1.474271890721219891e-01 -9.443732316156450146e-01 2.939803111266390268e-01
-6.917037162003899509e-01 -7.189164183595679880e-01 -6.859411350561500642e-02
6.917168856352330364e-01 7.189053942836930444e-01 -6.857684884056200469e-02
-1.271244487869739870e-01 2.573299061412829825e-01 9.579252026781249763e-01
1.271338116466549928e-01 -2.573651900253869917e-01 9.579144809947229833e-01
5.094579232260849633e-01 -8.600407672255130365e-01 -2.797325816408300150e-02
-5.094569138698940014e-01 8.600417527730529477e-01 -2.796133754343000169e-02
-1.975030641764330130e-01 -8.148150575739619983e-01 5.450403302432420549e-01
1.974911412291329993e-01 8.148104354740339783e-01 5.450515602937300308e-01
-5.126164114767309821e-01 -4.245716293773099670e-02 8.575673757787179996e-01
5.126284620856500496e-01 4.243595532858600305e-02 8.575612220448469714e-01
8.569315800998269506e-01 4.386495313456619805e-01 -2.706563423935309798e-01
-8.569286056955010000e-01 -4.386515329472269742e-01 -2.706625156607639915e-01
-3.019834062502639860e-01 -6.439879722957180253e-01 -7.029121665527899854e-01
3.019807512024210161e-01 6.439952644795849945e-01 -7.029066262535089704e-01
6.001289234861280075e-01 -7.625996828275499739e-01 2.414270054213099870e-01
-6.001276381360209911e-01 7.625964864223150341e-01 2.414402966400200079e-01
-1.302421717999999981e-05 7.298370032000000002e-06 -9.999999998885520380e-01
