1.832563474883840138e-01 9.055852803096280379e-01 -3.825341961076800246e-01
-1.402726785408310028e-01 8.886514320920639864e-01 4.366030323940779945e-01
8.639927624702169462e-01 -3.033755714795279834e-01 4.018454541593740048e-01
-8.675559780310110325e-01 -3.275969331034059850e-01 -3.742016493869300131e-01
7.177520126566350189e-01 -5.947651996920659823e-01 -3.620585664814560123e-01
-6.642779938542320295e-01 -6.474468487000859529e-01 3.735603364776899915e-01
3.173573320367299999e-01 4.243078329981739838e-01 -8.480844218937889645e-01
-3.791450275700419814e-01 4.732766850544529724e-01 7.951466704028760102e-01
4.775558996855450156e-01 -2.834568894088099894e-02 8.781439999191460455e-01
-4.649145542618690063e-01 -1.444842833410999935e-02 -8.852376517942299738e-01
1.787105492776049909e-01 -4.352728277797059953e-01 -8.823831962212079771e-01
-2.194445812850319977e-01 -3.355652207666259823e-01 9.161004630260169979e-01
-6.305924385618130179e-01 -5.491657205554439924e-01 -5.484251888776500161e-01
6.319127391026949647e-01 -5.524481173366839748e-01 5.435874978426949999e-01
-7.808170324583120214e-01 -3.461566264025769946e-01 5.200964831842089797e-01
7.721977966080789679e-01 -2.843745006112590179e-01 -5.681916105643629589e-01
-1.025506167568780019e-01 8.077532879491019502e-01 -5.805325114153380150e-01
1.102635670534130030e-01 7.663263966832439822e-01 6.329184777893069880e-01
7.884618147390519693e-01 5.042849293405450295e-01 3.521713741041460066e-01
-7.690332733373540508e-01 5.149819863957040278e-01 -3.786573361074230260e-01
8.437705404506490314e-01 5.037092281999639987e-01 -1.852789477890459946e-01
-8.160103800221050196e-01 5.505826572472940494e-01 1.760278308526490032e-01
5.397175046444999819e-02 -9.494274846248680344e-01 3.093129508939109762e-01
-7.550964835927999851e-03 -9.557489463780109995e-01 -2.940866104183729735e-01
-9.597327879226770220e-01 -2.083258534218659919e-01 1.884497667343099925e-01
9.487693087529299740e-01 -2.132675799749990109e-01 -2.331388815708269890e-01
-6.948772217156200526e-01 -7.005265611241520141e-01 -1.625059503536729899e-01
6.988946459457220373e-01 -6.979026017192020426e-01 1.564552088681379904e-01
2.673732706818129912e-01 9.298889811669019956e-01 2.526222809438840033e-01
-2.217165877323110101e-01 9.556296389190710450e-01 -1.939426408599889962e-01
-2.850116533455039902e-01 -7.569918315935639797e-01 -5.879895614361559941e-01
2.696238880651010139e-01 -7.268681273049849567e-01 6.316373045449440449e-01
-8.582928293627429817e-01 5.502981103425200193e-02 5.102010769902709519e-01
8.081361800953039687e-01 1.189739685664369939e-01 -5.768544957131930273e-01
-4.451193777833259979e-01 5.668986190637059774e-01 -6.931772466155019519e-01
4.323604437438799963e-01 5.576509167569499992e-01 7.085830238763339839e-01
4.426542151030570249e-01 6.986471225584049982e-01 -5.620938035527149879e-01
-4.676496736663010023e-01 7.240913326490270308e-01 5.069472602770029868e-01
8.205155289322469958e-01 -5.291540451029999982e-04 5.716239907290729949e-01
-8.245428222040109834e-01 -1.598033184564899914e-02 -5.655738354502860554e-01
4.140041612658699743e-01 -6.622360011201759988e-01 -6.245350536798569552e-01
-3.630075055554979890e-01 -6.300909169893389450e-01 6.864480950792339886e-01
4.110197762983199693e-02 5.976966238900239814e-01 -8.006680793096380144e-01
-7.413787623980599983e-02 5.444368512895699785e-01 8.355190543994489571e-01
5.309041779347359880e-01 -3.340622814408790164e-01 7.788087993660299801e-01
-5.448176428435429486e-01 -3.203738058792480192e-01 -7.749415207309849896e-01
5.300764847798720147e-01 -2.943416198262049921e-01 -7.952244532969919844e-01
-5.652510200503370053e-01 -2.834789064306019735e-01 7.746812208521409726e-01
2.943154640303979885e-01 3.085925430174329964e-01 9.045159202726089642e-01
-2.928594694444560109e-01 3.415443172887889789e-01 -8.930737990135230175e-01
5.778391893599149620e-01 1.746370462561329939e-01 -7.972476235868060090e-01
-6.349690912328129766e-01 1.456066853347429968e-01 7.586916016174189981e-01
1.108086447401920027e-01 -5.505809119596629664e-01 8.273947689201980316e-01
-1.682134302762980094e-01 -5.487255964308850320e-01 -8.189044276936410238e-01
-3.406774423315679923e-01 5.567366440283000317e-02 9.385304062087610477e-01
2.954806516063649968e-01 -3.647972951532699876e-02 -9.546519857313270352e-01
-1.352191527537379978e-01 -1.976425402164740108e-01 -9.709032943735129706e-01
1.361997461099380136e-01 -2.052617081601970095e-01 9.691838114221400513e-01
-1.374634531845799965e-02 1.503972170264989971e-01 9.885300779951360362e-01
-2.365772779270000127e-04 1.634869153904990047e-01 -9.865454741304590103e-01
1.430613915642419964e-01 -8.034037228965179578e-01 -5.779929898188359561e-01
-1.741825595820239991e-01 -8.140552589881060452e-01 5.540527693742369753e-01
-7.153324038241259952e-01 4.723176360608379865e-01 5.149908763319009930e-01
6.810483868765460080e-01 5.250667239841340095e-01 -5.103704831761189942e-01
-6.989280898241150286e-01 2.498718797655740120e-01 -6.701220552684660214e-01
6.987908937659279562e-01 2.704755630377490006e-01 6.622191907436909553e-01
-4.134381504611179814e-01 -8.727807246771459582e-01 -2.594661873449520262e-01
4.208313808199379835e-01 -8.585479955910110261e-01 2.929100342832979820e-01
-9.599115086167070432e-01 2.037508010898839983e-01 1.924980692901299972e-01
9.561317791498360474e-01 1.597008427978330036e-01 -2.455761831070590040e-01
-4.811191703870260072e-01 7.836920233894859589e-01 -3.928754972784549993e-01
5.236046910637960350e-01 7.525061794528830061e-01 3.994653644325270037e-01
-4.097302583056339764e-01 8.973446325035150384e-01 1.639930667617680027e-01
4.383897924052819750e-01 8.866649249277519518e-01 -1.471043874862970058e-01
5.244971024817800531e-01 -8.223353072739859604e-01 -2.206069624894380077e-01
-4.931622292355399839e-01 -8.435871083562650474e-01 2.124895439087489957e-01
9.875142660267549610e-01 -5.011098488550599916e-02 1.493467896790710014e-01
-9.844064931918650174e-01 -4.148306407795499667e-02 -1.709473941199440017e-01
9.425401317649130251e-01 2.830596440192860164e-01 1.774692591415610032e-01
-9.292372144253440158e-01 3.123644542832009763e-01 -1.973490487116300041e-01
6.780425040655020386e-01 7.350226888807579462e-01 9.752479288400000266e-05
-6.593191109166409714e-01 7.510290360404220378e-01 -3.540758399391399913e-02
-2.028390460362869963e-01 -9.769983206189459812e-01 6.580731654495500238e-02
2.637708224868560158e-01 -9.618944277349269489e-01 -7.200043817301199356e-02
2.365692248492800090e-02 9.991413382424929601e-01 3.401376535379500160e-02
8.845016571653959714e-01 -4.663902628135869755e-01 1.170218886966000078e-02
-8.707925515534320482e-01 -4.909589877395930113e-01 2.606922547328700129e-02
