4.005646755800930103e-01 -6.669276764277120018e-01 6.282956430631589928e-01
4.005646755809599835e-01 -6.669276764272440428e-01 -6.282956430631030376e-01
3.774258408482309979e-01 6.804833111658580291e-01 6.280861389051309862e-01
-7.779737851409550542e-01 -1.343042509593599977e-02 6.281531766338509515e-01
3.774258408488559979e-01 6.804833111656529709e-01 -6.280861389049769983e-01
-7.779737851410759575e-01 -1.343042509570300039e-02 -6.281531766337059564e-01
5.723697142519490466e-01 2.012106405242030105e-01 7.949259011675120501e-01
5.723697142554879935e-01 2.012106405249290131e-01 -7.949259011647810125e-01
-4.603248257329199955e-01 3.950468800822020121e-01 7.950088158953180217e-01
-1.116960325021340017e-01 -5.962863576000240196e-01 7.949632545365720171e-01
-4.603248257305149749e-01 3.950468800839599948e-01 -7.950088158958360518e-01
-1.116960325009370009e-01 -5.962863576021709688e-01 -7.949632545351299484e-01
-8.559737186790230545e-01 -4.701751889928519890e-01 2.150448431986710096e-01
-8.559737186792329977e-01 -4.701751889911299775e-01 -2.150448432016009992e-01
8.351079593283849967e-01 -5.063158637715069466e-01 2.150324216477459971e-01
2.064477159415799984e-02 9.764015510992020142e-01 2.149739621835589920e-01
8.351079593313399663e-01 -5.063158637665029493e-01 -2.150324216480530015e-01
2.064477159540899914e-02 9.764015510985669666e-01 -2.149739621863220040e-01
9.121314703011600411e-01 3.483216142541419869e-01 2.160746026946079867e-01
9.121314703009100189e-01 3.483216142551999739e-01 -2.160746026939590059e-01
-7.578111221505390294e-01 6.156325823541840547e-01 2.161453832235619987e-01
-1.544901384061339866e-01 -9.640609008864360341e-01 2.161466551147319948e-01
-7.578111221512080498e-01 6.156325823536750175e-01 -2.161453832226649940e-01
-1.544901384076489970e-01 -9.640609008863220142e-01 -2.161466551141600079e-01
-8.197064027031020217e-01 2.974092042984010087e-01 4.895193342107460044e-01
-8.197064027023479582e-01 2.974092042972040217e-01 -4.895193342127360236e-01
1.524249782945260034e-01 -8.586524334748709686e-01 4.893696194898030094e-01
6.674728415400570380e-01 5.612092965324070315e-01 4.894120261007520178e-01
1.524249782938449926e-01 -8.586524334752909660e-01 -4.893696194892799833e-01
6.674728415398949455e-01 5.612092965352389884e-01 -4.894120260977249948e-01
-6.617453014765599384e-02 5.387117894081869807e-01 8.398872183289649573e-01
-6.617453014488799967e-02 5.387117894070909685e-01 -8.398872183298859984e-01
-4.332900911653880249e-01 -3.268158132639569780e-01 8.399113769312259725e-01
4.996117522944160116e-01 -2.119307361083359875e-01 8.399246752309890152e-01
-4.332900911621920259e-01 -3.268158132638480096e-01 -8.399113769329169532e-01
4.996117522929849897e-01 -2.119307361088620112e-01 -8.399246752317069964e-01
9.766893721936199535e-01 -9.688121837128800540e-02 1.915512980142080046e-01
9.766893721948749496e-01 -9.688121836849800106e-02 -1.915512980092169970e-01
-4.047062468408519909e-01 8.941505250895379620e-01 1.915925161641109931e-01
-5.722049273523229784e-01 -7.974149471436530190e-01 1.916009477680349904e-01
-4.047062468401270152e-01 8.941505250896160106e-01 -1.915925161652780040e-01
-5.722049273542609837e-01 -7.974149471424220037e-01 -1.916009477673639994e-01
-3.587427741734119935e-01 -7.599974367490649474e-01 5.419478924335949799e-01
-3.587427741751930133e-01 -7.599974367489940041e-01 -5.419478924325159541e-01
8.376277580295190539e-01 6.922006526639899737e-02 5.418379107657169680e-01
-4.787153201725570240e-01 6.907406221562899518e-01 5.419492920331470120e-01
8.376277580306169535e-01 6.922006526659099657e-02 -5.418379107639960113e-01
-4.787153201743449826e-01 6.907406221556640080e-01 -5.419492920323629725e-01
1.491474962790479974e-01 -3.532541522877279960e-01 9.235618702854559992e-01
1.491474962782509961e-01 -3.532541522875800033e-01 -9.235618702856419615e-01
2.316135390028050134e-01 3.060299737788589880e-01 9.234180113575359838e-01
-3.808481944912119888e-01 4.745182114332700124e-02 9.234191775260930379e-01
2.316135390069239963e-01 3.060299737768280015e-01 -9.234180113571760495e-01
-3.808481944919039908e-01 4.745182114410499696e-02 -9.234191775257669654e-01
4.224690952917889986e-01 8.818432505657159970e-01 -2.094572628366669909e-01
4.224690952918500053e-01 8.818432505652810116e-01 2.094572628383770119e-01
-9.749202216471030136e-01 -7.502911669701599340e-02 -2.095261154873749865e-01
5.523473281954039971e-01 -8.068550937352070296e-01 -2.095167934771559881e-01
-9.749202216465999715e-01 -7.502911669676300133e-02 2.095261154898090117e-01
5.523473281920570077e-01 -8.068550937386199662e-01 2.095167934728379977e-01
-7.018040508321989890e-01 -4.334309623936590250e-01 -5.653394335034690465e-01
-7.018040508336590433e-01 -4.334309623951579926e-01 5.653394335005069715e-01
7.262670951200289604e-01 -3.911289598709969950e-01 -5.652912906600859877e-01
-2.435507052427399871e-02 8.245751911654719546e-01 -5.652279050561670459e-01
7.262670951193379576e-01 -3.911289598739079998e-01 5.652912906589609987e-01
-2.435507052325200025e-02 8.245751911668469658e-01 5.652279050542049488e-01
-9.540554374015559613e-01 2.996301426167359838e-01 -1.291999999999999947e-12
2.173194175789689986e-01 -9.761005433576700474e-01 -1.502999999999999957e-12
7.365534498924359852e-01 6.763793428628279703e-01 2.073999999999999846e-12
-8.695052367499999659e-05 1.944929239999999880e-04 -9.999999773060540553e-01
-8.695052379799999545e-05 1.944929225449999949e-04 9.999999773060550545e-01
