4.493334286604510064e-01 -5.221672841221860484e-01 -7.248729525100959803e-01
-4.493334255531620247e-01 -5.221672839282429646e-01 7.248729545759470261e-01
-6.354409174587080100e-01 2.660101681796280260e-01 7.248816667872639563e-01
6.354409278966349772e-01 2.660101367528019956e-01 -7.248816691699550008e-01
-3.575121480459160228e-01 -5.888387793976850304e-01 -7.248820289378400394e-01
5.673924857509200087e-02 6.865527030386030516e-01 7.248627757179429976e-01
3.575121331536140201e-01 -5.888387741645979556e-01 7.248820405336899864e-01
-5.673925463312799733e-02 6.865527021288230225e-01 -7.248627761054430296e-01
-6.705396733051719460e-01 1.580908691142270117e-01 -7.248336523827390021e-01
6.705396898832850505e-01 1.580908574296640001e-01 7.248336395948949962e-01
5.947164241282600072e-02 -9.896841671333750368e-01 1.303394532527999972e-01
-5.947164192993500270e-02 -9.896841659284919546e-01 -1.303394626219649965e-01
-9.595534477218099489e-01 -2.494453484247599884e-01 -1.305151298296010065e-01
9.595534526420249621e-01 -2.494453189511809943e-01 1.305151499869399989e-01
-9.229310260201200045e-01 -3.621897685105189835e-01 1.304488129334460123e-01
-5.337507837294149793e-01 8.355228659722709894e-01 -1.304286828336420068e-01
9.229310280253959498e-01 -3.621897711184219881e-01 -1.304487915052119917e-01
5.337507985078969730e-01 8.355228542340730202e-01 1.304286975505440094e-01
-6.297699296261070057e-01 7.657501976726920345e-01 1.304471943085059871e-01
6.297698974136259897e-01 7.657502249623669988e-01 -1.304471896275100073e-01
8.090800145884130545e-01 5.059243885090619619e-01 2.990485631220209939e-01
-8.090799975084530526e-01 5.059244095175839950e-01 -2.990485737902889851e-01
2.311568914941949937e-01 9.258307636617939540e-01 -2.990048303492119919e-01
-2.311569222576750071e-01 9.258307595214430030e-01 2.990048193864219828e-01
7.312658279630019909e-01 -6.130585414117779575e-01 2.990142365434270144e-01
9.519557450157759559e-01 6.628324871902699367e-02 -2.989762373010789731e-01
-7.312658187587219860e-01 -6.130585506974389753e-01 -2.990142400152400182e-01
-9.519557463420480481e-01 6.628325967778600503e-02 2.989762306485940213e-01
-3.571728473573659857e-01 -8.848792816347289536e-01 2.990254404632439744e-01
3.571728661980440034e-01 -8.848792730423229447e-01 -2.990254433856149863e-01
2.829979408347639835e-01 -1.137306920927339954e-01 9.523536607581190028e-01
-2.829979407726649909e-01 -1.137307075352199937e-01 -9.523536589324209656e-01
-1.957421735979789912e-01 2.340721665709800114e-01 -9.523104652958019889e-01
1.957421857390430064e-01 2.340721882978349933e-01 9.523104574599420280e-01
-2.081640045088299987e-02 -3.042680323911470253e-01 9.523589879541689562e-01
1.620265530177719959e-01 2.584698550577190224e-01 -9.523343583761010311e-01
2.081640225412500003e-02 -3.042680502181729918e-01 -9.523589822192189969e-01
-1.620265417245649875e-01 2.584698412737340134e-01 9.523343640385499853e-01
-2.958222555821650168e-01 -7.418938409769500197e-02 9.523576683103279761e-01
2.958222388740650022e-01 -7.418938040618000551e-02 -9.523576737877860188e-01
-3.257749018068989977e-01 8.020527269950860072e-01 5.005817979835579523e-01
3.257749146983630051e-01 8.020527230985099454e-01 -5.005817958371440168e-01
8.634515511193460169e-01 -6.198952318951000268e-02 -5.006083477972900209e-01
-8.634515508448490362e-01 -6.198950543103499966e-02 5.006083504697460551e-01
6.620765767653969958e-01 5.576740589831999939e-01 5.006538229513629590e-01
2.078251585271370105e-01 -8.403963534230279864e-01 -5.005423784620509631e-01
-6.620765740264690224e-01 5.576740552030770015e-01 -5.006538307840350255e-01
-2.078251624012759924e-01 -8.403963480058509461e-01 5.005423859487939664e-01
7.348403278944779515e-01 -4.574229305800259771e-01 5.007733569984690325e-01
-7.348403458553830481e-01 -4.574229094680539731e-01 -5.007733499268129940e-01
-2.159491052388440024e-01 -7.934720812168229997e-01 -5.690061865006259545e-01
2.159491024269130088e-01 -7.934720809187739698e-01 5.690061879834360514e-01
-6.877854798321459961e-01 -4.505369287857020066e-01 5.691815259936080507e-01
6.877854778448829753e-01 -4.505369442954739734e-01 -5.691815161181740246e-01
-8.212962946478440385e-01 -3.981844287203400307e-02 -5.691106113972640435e-01
-6.410139606345609531e-01 5.148997951167839648e-01 5.691917983072900533e-01
8.212962986890459671e-01 -3.981846369438900302e-02 5.691106041084550426e-01
6.410139629595560384e-01 5.148997766636680407e-01 -5.691918123818989761e-01
-2.915603249295269928e-01 7.688331424370900002e-01 -5.691117429971880304e-01
2.915603272870669893e-01 7.688331370974770262e-01 5.691117490028749781e-01
9.929607861810800518e-02 -5.847235509946959731e-01 -8.051326956988019701e-01
-9.929608253992999733e-02 -5.847235401129079468e-01 8.051327031179720262e-01
-5.867889831967669778e-01 -8.631621425893000465e-02 8.051262015081309675e-01
5.867889705380270327e-01 -8.631623461479899506e-02 -8.051262085517060241e-01
-5.253138101960329598e-01 -2.752064877434550194e-01 -8.051750057728059851e-01
-2.633786255318589786e-01 5.314628620795429637e-01 8.050956004370970476e-01
5.253138060792369446e-01 -2.752064828543219765e-01 8.051750101297849849e-01
2.633786319237390039e-01 5.314628708530140244e-01 -8.050955925544820424e-01
-4.241420919956049862e-01 4.146763653794480198e-01 -8.050757714608499649e-01
4.241421172473849865e-01 4.146763618097820125e-01 8.050757599959820210e-01
-7.329390971805159749e-01 -6.252869776449879735e-01 2.679859612214899878e-01
7.329391122463250197e-01 -6.252869686229060031e-01 -2.679859410677090104e-01
-3.684095827025929970e-01 -8.902485833226849721e-01 -2.678280031379349779e-01
3.684095755538879802e-01 -8.902485827071999758e-01 2.678280150171499785e-01
-8.212059168413180510e-01 5.037910318927929509e-01 2.679840262575470256e-01
-9.605265009024129830e-01 7.512618136367199551e-02 -2.678523808702820141e-01
8.212058939262070201e-01 5.037910602784699821e-01 -2.679840431151709890e-01
9.605265027629129593e-01 7.512620911072000196e-02 2.678523664160900042e-01
2.254256333583219973e-01 9.367149481746920303e-01 2.678588988461709786e-01
-2.254256446764479893e-01 9.367149490489250496e-01 -2.678588862637910073e-01
1.493016899999999963e-08 1.000000000000000000e+00 9.100131000000000822e-09
9.510405195509049614e-01 3.090662219288229928e-01 2.519899330600000140e-05
-9.510405267387139761e-01 3.090661998062840254e-01 -2.525573808500000027e-05
5.878977716935039899e-01 -8.089352285493049965e-01 -7.777978870100000575e-05
-5.878977846949769992e-01 -8.089352190993910341e-01 7.779048433600000247e-05
