9.383118258138559709e-01 -1.750792557749200062e-01 -2.981915017822759917e-01
-1.751096322456290044e-01 -2.982825311210239860e-01 9.382772235980340048e-01
-9.383116523013460553e-01 1.751477614500079882e-01 -2.981518150449020133e-01
-2.981827578157150160e-01 9.383270575537280278e-01 -1.750125024219039982e-01
1.750977124101310012e-01 -2.980583478457379809e-01 -9.383506873169580320e-01
-2.981854777577619964e-01 -9.383236127415389705e-01 1.750263369497319921e-01
1.751212256614090024e-01 2.980709997422250068e-01 9.383422805328109906e-01
2.981590222823750080e-01 -9.382974848874340301e-01 -1.752113788700180030e-01
-1.751366381351109891e-01 2.982885002265249774e-01 -9.382702854803309789e-01
2.981750565054619995e-01 9.382926280748330461e-01 1.752101018160419910e-01
9.383097216767579685e-01 1.750911370548139945e-01 2.981911466354040252e-01
-9.383070207140820074e-01 -1.751442959881739925e-01 2.981684263322820216e-01
3.183193898656829779e-01 -1.895522954118679937e-01 9.288394335619220010e-01
-1.894661062614569902e-01 9.288339463361680037e-01 3.183867062421130156e-01
-3.182933144730710207e-01 1.893628596173800027e-01 9.288870078536329844e-01
9.288529435535659573e-01 3.183507003489590148e-01 -1.894334733863169973e-01
1.894416073975329906e-01 9.288927988957520476e-01 -3.182295485121640066e-01
9.288662644063450102e-01 -3.183138373071289773e-01 1.894301027466669951e-01
1.894518259149400030e-01 -9.288871565521019669e-01 3.182399347191460226e-01
-9.288657503320539854e-01 -3.182891226867959888e-01 -1.894741466251780027e-01
-1.894810419822529901e-01 -9.288341329001750246e-01 -3.183772735119440034e-01
-9.288638749080859736e-01 3.182773954415379913e-01 1.895030380803610082e-01
3.182754841245910016e-01 1.895728238082199923e-01 -9.288502897015400439e-01
-3.183459025831120170e-01 -1.893534180173150061e-01 -9.288709110493790222e-01
4.152709071162880017e-01 6.265468605244529643e-01 6.595370385882559638e-01
6.266126549472570417e-01 6.594514158910069757e-01 4.153076097777360087e-01
-4.152418281129630073e-01 -6.266763943801669789e-01 6.594322716641020099e-01
6.594942179223080014e-01 4.151968471621200196e-01 6.266410093775209855e-01
-6.266189964270689750e-01 6.595218123324769754e-01 -4.151862381804329871e-01
6.594787856877939447e-01 -4.151922150229019892e-01 -6.266603193215040113e-01
-6.266022331854349536e-01 -6.595287758101400222e-01 4.152004759696260039e-01
-6.594726936833410491e-01 -4.153261780732929731e-01 6.265779537240909747e-01
6.266060528732360080e-01 -6.594438365947900005e-01 -4.153296051087230212e-01
-6.594986338231030309e-01 4.153157815166039768e-01 -6.265575421369630194e-01
4.152509631584859751e-01 -6.265428543902710201e-01 -6.595534013318720135e-01
-4.152672330732850026e-01 6.266741585574390205e-01 -6.594183983875370192e-01
8.147686975402800014e-02 8.847674930322230180e-01 4.588551001880220026e-01
8.848021501705900516e-01 4.587806295976860071e-01 8.151986849505800381e-02
-8.148097265168000036e-02 -8.848439651039500253e-01 4.587068873636580002e-01
4.587780511560209940e-01 8.139667888042000088e-02 8.848148283368230116e-01
-8.848095158928860338e-01 4.587845170278200269e-01 -8.141798032957800468e-02
4.587323275728680261e-01 -8.138617295209800429e-02 -8.848395009784489895e-01
-8.848064690255750264e-01 -4.587847998886889767e-01 8.144949208920500283e-02
-4.587707681467430021e-01 -8.156762447812400396e-02 8.848028621851550257e-01
8.848211768135869626e-01 -4.587411019232239817e-01 -8.153579869288199444e-02
-4.588108991167439976e-01 8.157388735636099397e-02 -8.847814757064349500e-01
8.147060004176100156e-02 -8.847779034947540477e-01 -4.588361393964779933e-01
-8.149754501781800164e-02 8.848501095969899533e-01 -4.586920902983440129e-01
-7.225816121467719677e-01 6.911694469079300296e-01 -1.267317830534699964e-02
6.911462318877840127e-01 -1.272247709073500051e-02 -7.226029509516229687e-01
7.225897391740939701e-01 -6.911572322235679522e-01 -1.287436155202899973e-02
-1.271999109003300009e-02 -7.226498291394289897e-01 6.910972625263569480e-01
-6.911640879368999846e-01 -1.283280970189800037e-02 7.225839207604249914e-01
-1.274089462228199937e-02 7.226581266795230052e-01 -6.910882009904869561e-01
-6.911848254516650414e-01 1.280693240541799956e-02 -7.225645435168509545e-01
1.278690708865000067e-02 7.225094351193579456e-01 6.912428018942500252e-01
6.911667589030220382e-01 1.267926954320299990e-02 7.225840764307940312e-01
1.279840273451600050e-02 -7.225177746588929972e-01 -6.912338722815930536e-01
-7.225871989731149636e-01 -6.911634956048889888e-01 1.267920436852999939e-02
7.225783528006579637e-01 6.911703359443890360e-01 1.280979212978899939e-02
5.601175739954590282e-01 8.068680228904130391e-01 1.877026822886579960e-01
8.068834787163789990e-01 1.875714426539699942e-01 5.601392734626480241e-01
-5.601340935408990473e-01 -8.068916312063849627e-01 1.875518401461699902e-01
1.876521312373619910e-01 5.600251494167629573e-01 8.069439321680339505e-01
-8.068854415129990132e-01 1.876857418815799927e-01 -5.600981579765580420e-01
1.876302229010670120e-01 -5.600047208391949471e-01 -8.069632036790219676e-01
-8.068746775941579852e-01 -1.876975169586679870e-01 5.601097185238560483e-01
-1.876148088020380134e-01 -5.602157603217919890e-01 8.068202931293010360e-01
8.068923207022480337e-01 -1.875761333114299989e-01 -5.601249655243669689e-01
-1.876364876816170035e-01 5.602249742367100271e-01 -8.068088539003419601e-01
5.600918210887200210e-01 -8.068808651992269709e-01 -1.877243226778800012e-01
-5.601293840974760352e-01 8.068962450831860256e-01 -1.875460549871360016e-01
-9.948563422103200160e-02 -3.588951295179950152e-01 -9.280608248341809530e-01
-3.590507942888109816e-01 -9.279946080877720105e-01 -9.954162185034499954e-02
9.943438966061500517e-02 3.591437619459990072e-01 -9.279701290494739574e-01
-9.280190267200989496e-01 -9.942019096838000669e-02 -3.590213248169130122e-01
3.589908155319930239e-01 -9.280357484444770044e-01 9.937426212442400375e-02
-9.280072072034909469e-01 9.942025966856400665e-02 3.590518560679110127e-01
3.590029825622479964e-01 9.280313484672879643e-01 -9.937139816565700168e-02
9.280179389220589714e-01 9.951094937970199339e-02 -3.589989916314579865e-01
-3.590428637423849767e-01 9.279961920762099803e-01 9.955545935668899671e-02
9.280136656320839839e-01 -9.948954910509599792e-02 3.590159690305809725e-01
-9.945187531254499891e-02 3.589267513480540184e-01 9.280522138670590504e-01
9.946550331739699435e-02 -3.591200632919869795e-01 9.279759661709869878e-01
7.878331994376069902e-01 5.574500823251660186e-01 -2.618554096816970156e-01
5.574053886878520547e-01 -2.619772920486170276e-01 7.878243021845779959e-01
-7.878614778767180082e-01 -5.573641116878389479e-01 -2.619533139327300253e-01
-2.618610280706080151e-01 7.878026576023160477e-01 5.574906049903739502e-01
-5.574272044780029800e-01 -2.618353048552929940e-01 -7.878560686059189466e-01
-2.618500918686549883e-01 -7.878041469245109507e-01 -5.574936371627220444e-01
-5.573980474810630303e-01 2.618066241900949831e-01 7.878862279507650168e-01
2.619281468060600249e-01 -7.878933745001880373e-01 5.573308499710469821e-01
5.573998343635919728e-01 2.619357785378840231e-01 -7.878420352920969538e-01
2.619095353283639738e-01 7.879083713373939979e-01 -5.573183952468599989e-01
7.878589677335660069e-01 -5.574443214494929633e-01 2.617901362647470087e-01
-7.878560239272930366e-01 5.573693294883239613e-01 2.619586152567079940e-01
-5.072827321686139701e-01 -7.170499460473529485e-01 -4.780205063771150176e-01
-7.170643140017599615e-01 -4.779062710060659747e-01 -5.073700481091309999e-01
5.073317531927670210e-01 7.171162628030800512e-01 -4.778689755839949926e-01
-4.778916169164080241e-01 -5.072575026701600098e-01 -7.171536993321959708e-01
7.171087443614589940e-01 -4.779885176598600016e-01 5.072297563685139732e-01
-4.779136769269750062e-01 5.072353404128420173e-01 7.171546742805260388e-01
7.171036377589220523e-01 4.779420929439370247e-01 -5.072807196270020524e-01
4.779497913306490209e-01 5.073623117813870209e-01 -7.170407809537999722e-01
-7.170736052366210034e-01 4.778899243873540037e-01 5.073723138307849601e-01
4.779668855044820197e-01 -5.073968954290569711e-01 7.170049141185159680e-01
-5.072894944901550351e-01 7.170398743210130155e-01 4.780284378712519877e-01
5.073429733358929550e-01 -7.171476166924809492e-01 4.778100075123900004e-01
-4.697053900856579811e-01 -3.362487640635100083e-01 8.162803533040849935e-01
-3.361804588591880139e-01 8.163540175197370186e-01 -4.696262526314000096e-01
4.697292672795089774e-01 3.360874275716509985e-01 8.163330548797630426e-01
8.162993201022139544e-01 -4.696884809882009848e-01 -3.362263386881820248e-01
3.361661885920779747e-01 8.162610446461909808e-01 4.697980423975660069e-01
8.163081878411480030e-01 4.696844879905109904e-01 3.362103868184210254e-01
3.361611964247629980e-01 -8.162545204851160419e-01 -4.698129498065010123e-01
-8.163147475476899562e-01 4.697491969062009831e-01 -3.361040388661379885e-01
-3.361667115393139893e-01 -8.163550823770679976e-01 4.696342422885870227e-01
-8.163020291364350145e-01 -4.697523383167869770e-01 3.361305369549900113e-01
-4.697259147648690236e-01 3.362543092749910034e-01 -8.162662583326020238e-01
4.697157090205860142e-01 -3.360825711370180047e-01 -8.163428557151829468e-01
2.209757831175440113e-01 5.619818996413199486e-01 -7.970859726222270236e-01
5.618985433861100054e-01 -7.971884426164269621e-01 2.208180560990520014e-01
-2.209098087123599896e-01 -5.618199356383180021e-01 -7.972184244822899668e-01
-7.971433029261999481e-01 2.209065606243459934e-01 5.619277943588749658e-01
-5.619110464580350239e-01 -7.971135607042629800e-01 -2.210564344456109886e-01
-7.971666081668139503e-01 -2.209214541641099927e-01 -5.618888768376120169e-01
-5.619031892145559537e-01 7.971171958991409845e-01 2.210632985196790135e-01
7.971490712061960471e-01 -2.210199177081819955e-01 5.618750343727400010e-01
5.618715451873800282e-01 7.971902229922720462e-01 -2.208803184402730047e-01
7.971513117794930547e-01 2.209665013294830060e-01 -5.618928647157229728e-01
2.209896742277389914e-01 -5.619592284389199888e-01 7.970981052900899533e-01
-2.209345147362070105e-01 5.618214796441769465e-01 7.972104899013210400e-01
-2.558632109166299878e-02 9.914006599926770136e-01 -1.283357765359230129e-01
9.913910231541920304e-01 -1.284105096544480018e-01 -2.558476538037500123e-02
2.555531861479999958e-02 -9.913788670530649938e-01 -1.285101850091180109e-01
-1.284273557345780026e-01 -2.568716764003100075e-02 9.913861930235140507e-01
-9.913884123582900054e-01 -1.284322897283740050e-01 2.557660643703999967e-02
-1.284710461501210044e-01 2.569665752758399854e-02 -9.913802863144920430e-01
-9.913887704923129984e-01 1.284336117570289981e-01 -2.555607780520199879e-02
1.284346430688090013e-01 2.546732329507999867e-02 9.913909208299069853e-01
9.913860541495389533e-01 1.284483459343359890e-01 2.558738096289899996e-02
1.283929891583590055e-01 -2.544975216482999944e-02 -9.913967674194480439e-01
-2.558970505166499945e-02 -9.913982207318929873e-01 1.283539439402069937e-01
2.557174693595500037e-02 9.913764768665119798e-01 1.285253549864190104e-01
