-8.991429666350819749e-01 -7.575644213597799992e-02 -4.310485900981029794e-01
8.991429672095759829e-01 -7.575643961982299335e-02 4.310485893419530035e-01
-7.575644142827800409e-02 -8.991429659322139889e-01 -4.310485916886240276e-01
7.575644075555899859e-02 -8.991429671904880294e-01 4.310485891821639881e-01
-7.575644300592800084e-02 8.991429661837180287e-01 4.310485908867299765e-01
-8.991429664448310488e-01 7.575644026994400593e-02 4.310485908229089724e-01
7.575643966252600114e-02 8.991429681706769594e-01 -4.310485873296460158e-01
8.991429662906770259e-01 7.575644042442700177e-02 -4.310485911173160267e-01
7.230129100428259736e-01 3.274084680442669870e-01 6.083223051675079596e-01
-7.230129102325000279e-01 3.274084700465810238e-01 -6.083223038643970071e-01
3.274084713530269752e-01 7.230129084647539672e-01 6.083223052622780402e-01
-3.274084678479000088e-01 7.230129114517369615e-01 -6.083223035986550231e-01
3.274084699799960085e-01 -7.230129089252069763e-01 -6.083223054539990127e-01
7.230129089252580465e-01 -3.274084701775200057e-01 -6.083223053476279896e-01
-3.274084696207469891e-01 -7.230129110988460228e-01 6.083223030639050011e-01
-7.230129099282109895e-01 -3.274084690340089976e-01 6.083223047710379916e-01
3.104216103224810008e-01 -6.465723790948689764e-01 6.968375581413489561e-01
-3.104216122722699978e-01 -6.465723780769410123e-01 -6.968375582172749994e-01
-6.465723780288770151e-01 3.104216106962470190e-01 6.968375589639459466e-01
6.465723773022620247e-01 3.104216127177680251e-01 -6.968375587376159919e-01
-6.465723791487399952e-01 -3.104216094731380160e-01 -6.968375584697229508e-01
3.104216093019300238e-01 6.465723801626109823e-01 -6.968375576052540099e-01
6.465723790762130108e-01 -3.104216112995569765e-01 6.968375577233989482e-01
-3.104216114469440235e-01 6.465723784905780258e-01 6.968375582011340219e-01
-5.415380629880559571e-01 1.427683948732740016e-01 -8.284646714015350133e-01
5.415380620734979722e-01 1.427683910588329885e-01 8.284646726566879948e-01
1.427683915059350106e-01 -5.415380626536520081e-01 -8.284646722004129771e-01
-1.427683940229640125e-01 -5.415380640354220398e-01 8.284646708634419987e-01
1.427683915753500121e-01 5.415380639625320125e-01 8.284646713328820411e-01
-5.415380620097729469e-01 -1.427683936334029902e-01 8.284646722546700204e-01
-1.427683933160290020e-01 5.415380630769199843e-01 -8.284646716118060361e-01
5.415380633625519469e-01 -1.427683905954159893e-01 -8.284646718939390198e-01
-9.760905110184310285e-01 -1.533344257951000100e-01 1.540644935274380067e-01
9.760905099591039580e-01 -1.533344297630870046e-01 -1.540644962897219916e-01
-1.533344275609510032e-01 -9.760905108780889572e-01 1.540644926590989949e-01
1.533344280237959878e-01 -9.760905101385499716e-01 -1.540644968838700002e-01
-1.533344246704509972e-01 9.760905117715340529e-01 -1.540644898753980030e-01
-9.760905099963449461e-01 1.533344299275170020e-01 -1.540644958901269956e-01
1.533344323894219874e-01 9.760905089700869786e-01 1.540644999418409877e-01
9.760905109988790018e-01 1.533344266395059996e-01 1.540644928109030087e-01
7.987716356734070322e-01 4.957623776319480258e-01 -3.408570653050160271e-01
-7.987716348561160196e-01 4.957623786174569780e-01 3.408570657868910114e-01
4.957623796182890064e-01 7.987716339557040524e-01 -3.408570664412680085e-01
-4.957623807529629723e-01 7.987716342773909517e-01 3.408570640370839899e-01
4.957623787518499747e-01 -7.987716351670479664e-01 3.408570648627770039e-01
7.987716343325119706e-01 -4.957623792266570018e-01 3.408570661278599867e-01
-4.957623800250520185e-01 -7.987716344537559854e-01 -3.408570646825019868e-01
-7.987716345501579829e-01 -4.957623800736249975e-01 -3.408570643859429872e-01
-4.969522524767879812e-01 8.667548546934490394e-01 -4.212458455088100018e-02
4.969522549187839755e-01 8.667548534685349804e-01 4.212458094599100256e-02
8.667548538957889903e-01 -4.969522541052229792e-01 -4.212458175254599896e-02
-8.667548549003160074e-01 -4.969522521678250149e-01 4.212458393929000011e-02
8.667548541860680134e-01 4.969522534517030188e-01 4.212458348948899811e-02
-4.969522535234779936e-01 -8.667548541365009962e-01 4.212458366262900045e-02
-8.667548537306339895e-01 4.969522543252429814e-01 -4.212458255516200040e-02
4.969522531545180200e-01 -8.667548543715519749e-01 -4.212458317890799969e-02
-6.532962864503449874e-01 -6.532962846918459743e-01 3.826328873973319777e-01
6.532962855023679571e-01 -6.532962855067629970e-01 -3.826328876245149724e-01
-6.532962841640850282e-01 6.532962865499190031e-01 -3.826328881284050132e-01
6.532962867404530360e-01 6.532962838405069750e-01 3.826328883555609739e-01
2.912910873228100050e-01 2.912910894060389833e-01 -9.112074427258249898e-01
-2.912910885409309980e-01 2.912910872765610004e-01 9.112074430171640538e-01
2.912910883373620030e-01 -2.912910900511360146e-01 9.112074421952750525e-01
-2.912910895762009789e-01 -2.912910879010169873e-01 -9.112074424865900246e-01
-1.565542315305450127e-01 -1.565542341751400002e-01 9.751828261160649935e-01
1.565542338404289913e-01 -1.565542338836869996e-01 -9.751828257920299725e-01
-1.565542331843129964e-01 1.565542324310310041e-01 -9.751828261305689471e-01
1.565542334997480078e-01 1.565542341340880050e-01 9.751828258065230459e-01
