3 1
6 2
8 3
14 4
18 5
26 6
32 7
42 8
50 9
62 10
72 11
86 12
98 13
114 14
128 15
146 16
163 17
182 18
201 19
222 20
243 21
266 22
289 23
314 24
339 25
366 26
393 27
422 28
451 29
482 30
513 31
546 32
579 33
614 34
649 35
686 36
723 37
762 38
801 39
842 40
883 41
926 42
969 43
1014 44
1059 45
1106 46
1153 47
1202 48
1251 49
1302 50
1353 51
1406 52
1459 53
1514 54
1569 55
1626 56
1683 57
1742 58
1801 59
1862 60
1923 61
1986 62
2049 63
2114 64
2179 65
2246 66
2313 67
2382 68
2451 69
2522 70
2593 71
2666 72
2739 73
2814 74
2889 75
2966 76
3043 77
3122 78
3201 79
3282 80
3363 81
3446 82
3529 83
3614 84
3699 85
3786 86
3873 87
3962 88
4051 89
4142 90
4233 91
4326 92
4419 93
4514 94
4609 95
4706 96
4803 97
4902 98
5001 99
5102 100
5203 101
5306 102
5409 103
5514 104
5619 105
5726 106
5833 107
5942 108
6051 109
6162 110
6273 111
6386 112
6499 113
6614 114
6729 115
6846 116
6963 117
7082 118
7201 119
7322 120
7443 121
7566 122
7689 123
7814 124
7939 125
8066 126
8193 127
8322 128
8451 129
8582 130
8713 131
8846 132
8979 133
9114 134
9249 135
9386 136
9523 137
9662 138
9801 139
9942 140
10083 141
10226 142
10369 143
10514 144
10659 145
10806 146
10953 147
11102 148
11251 149
11402 150
11553 151
11706 152
11859 153
12014 154
12169 155
12326 156
12483 157
12642 158
12801 159
12962 160
13123 161
13286 162
13449 163
13614 164
13779 165
13946 166
14113 167
14282 168
14451 169
14622 170
14793 171
14966 172
15139 173
15314 174
15489 175
15666 176
15843 177
16022 178
16201 179
16382 180
