  0.17055E-01 -0.19684E+00  0.44500E+00  0.69800E+00  0.79281E+01
  0.17055E-01 -0.18600E+00  0.44500E+00  0.69800E+00  0.79281E+01
  0.17055E-01 -0.17516E+00  0.44500E+00  0.69800E+00  0.79281E+01
  0.17055E-01 -0.16884E+00  0.44500E+00  0.69800E+00  0.79281E+01
  0.17055E-01 -0.15800E+00  0.44500E+00  0.69800E+00  0.79281E+01
  0.17055E-01 -0.14716E+00  0.44500E+00  0.69800E+00  0.79281E+01
  0.17055E-01 -0.14084E+00  0.44500E+00  0.69800E+00  0.79281E+01
  0.17055E-01 -0.13000E+00  0.44500E+00  0.69800E+00  0.79281E+01
  0.17055E-01 -0.11916E+00  0.44500E+00  0.69800E+00  0.79281E+01
  0.17055E-01 -0.11284E+00  0.44500E+00  0.69800E+00  0.79281E+01
  0.17055E-01 -0.10200E+00  0.44500E+00  0.69800E+00  0.79281E+01
  0.17055E-01 -0.91156E-01  0.44500E+00  0.69800E+00  0.79281E+01
  0.17055E-01 -0.84844E-01  0.44500E+00  0.69800E+00  0.79281E+01
  0.17055E-01 -0.74000E-01  0.44500E+00  0.69800E+00  0.79281E+01
  0.17055E-01 -0.63156E-01  0.44500E+00  0.69800E+00  0.79281E+01
  0.17055E-01 -0.56844E-01  0.44500E+00  0.69800E+00  0.79281E+01
  0.17055E-01 -0.46000E-01  0.44500E+00  0.69800E+00  0.79281E+01
  0.17055E-01 -0.35156E-01  0.44500E+00  0.69800E+00  0.79281E+01
  0.17055E-01 -0.28844E-01  0.44500E+00  0.69800E+00  0.79281E+01
  0.17055E-01 -0.18000E-01  0.44500E+00  0.69800E+00  0.79281E+01
  0.17055E-01 -0.71556E-02  0.44500E+00  0.69800E+00  0.79281E+01
  0.17055E-01 -0.84435E-03  0.44500E+00  0.69800E+00  0.79281E+01
  0.17055E-01  0.10000E-01  0.44500E+00  0.69800E+00  0.79281E+01
  0.17055E-01  0.20844E-01  0.44500E+00  0.69800E+00  0.79281E+01
  0.17055E-01  0.27156E-01  0.44500E+00  0.69800E+00  0.79281E+01
  0.17055E-01  0.38000E-01  0.44500E+00  0.69800E+00  0.79281E+01
  0.17055E-01  0.48844E-01  0.44500E+00  0.69800E+00  0.79281E+01
  0.17055E-01  0.55156E-01  0.44500E+00  0.69800E+00  0.79281E+01
  0.17055E-01  0.66000E-01  0.44500E+00  0.69800E+00  0.79281E+01
  0.17055E-01  0.76844E-01  0.44500E+00  0.69800E+00  0.79281E+01
  0.17055E-01  0.83156E-01  0.44500E+00  0.69800E+00  0.79281E+01
  0.17055E-01  0.94000E-01  0.44500E+00  0.69800E+00  0.79281E+01
  0.17055E-01  0.10484E+00  0.44500E+00  0.69800E+00  0.79281E+01
  0.17055E-01  0.11116E+00  0.44500E+00  0.69800E+00  0.79281E+01
  0.17055E-01  0.12200E+00  0.44500E+00  0.69800E+00  0.79281E+01
  0.17055E-01  0.13284E+00  0.44500E+00  0.69800E+00  0.79281E+01
  0.17055E-01  0.13916E+00  0.44500E+00  0.69800E+00  0.79281E+01
  0.17055E-01  0.15000E+00  0.44500E+00  0.69800E+00  0.79281E+01
  0.17055E-01  0.16084E+00  0.44500E+00  0.69800E+00  0.79281E+01
  0.17055E-01  0.16716E+00  0.44500E+00  0.69800E+00  0.79281E+01
  0.17055E-01  0.17800E+00  0.44500E+00  0.69800E+00  0.79281E+01
  0.17055E-01  0.18884E+00  0.44500E+00  0.69800E+00  0.79281E+01
  0.17055E-01  0.19516E+00  0.44500E+00  0.69800E+00  0.79281E+01
  0.17055E-01  0.20600E+00  0.44500E+00  0.69800E+00  0.79281E+01
  0.17055E-01  0.21684E+00  0.44500E+00  0.69800E+00  0.79281E+01
  0.17055E-01  0.22316E+00  0.44500E+00  0.69800E+00  0.79281E+01
  0.17055E-01  0.23400E+00  0.44500E+00  0.69800E+00  0.79281E+01
  0.17055E-01  0.24484E+00  0.44500E+00  0.69800E+00  0.79281E+01
  0.17055E-01  0.25116E+00  0.44500E+00  0.69800E+00  0.79281E+01
  0.17055E-01  0.26200E+00  0.44500E+00  0.69800E+00  0.79281E+01
  0.17055E-01  0.27284E+00  0.44500E+00  0.69800E+00  0.79281E+01
  0.17055E-01  0.27916E+00  0.44500E+00  0.69800E+00  0.79281E+01
  0.17055E-01  0.29000E+00  0.44500E+00  0.69800E+00  0.79281E+01
  0.17055E-01  0.30084E+00  0.44500E+00  0.69801E+00  0.79281E+01
  0.17055E-01  0.30716E+00  0.44500E+00  0.69799E+00  0.79281E+01
  0.17055E-01  0.31800E+00  0.44500E+00  0.69798E+00  0.79282E+01
  0.17055E-01  0.32884E+00  0.44500E+00  0.69804E+00  0.79279E+01
  0.17055E-01  0.33516E+00  0.44499E+00  0.69806E+00  0.79279E+01
  0.17055E-01  0.34600E+00  0.44500E+00  0.69792E+00  0.79285E+01
  0.17055E-01  0.35684E+00  0.44504E+00  0.69780E+00  0.79284E+01
  0.17055E-01  0.36316E+00  0.44499E+00  0.69831E+00  0.79273E+01
  0.17055E-01  0.37400E+00  0.44489E+00  0.69864E+00  0.79262E+01
  0.17055E-01  0.38484E+00  0.44511E+00  0.69863E+00  0.79244E+01
  0.17055E-01  0.39116E+00  0.44459E+00  0.70461E+00  0.79064E+01
  0.17055E-01  0.40200E+00  0.44307E+00  0.71966E+00  0.78529E+01
  0.17055E-01  0.41284E+00  0.44178E+00  0.74113E+00  0.77840E+01
  0.17055E-01  0.41916E+00  0.43599E+00  0.80641E+00  0.75794E+01
  0.17055E-01  0.43000E+00  0.42722E+00  0.89935E+00  0.72889E+01
  0.17055E-01  0.44084E+00  0.41882E+00  0.99104E+00  0.70013E+01
  0.17055E-01  0.44716E+00  0.41489E+00  0.10273E+01  0.68901E+01
  0.17055E-01  0.45800E+00  0.40991E+00  0.10807E+01  0.67469E+01
  0.17055E-01  0.46884E+00  0.40507E+00  0.11328E+01  0.65968E+01
  0.17055E-01  0.47516E+00  0.40851E+00  0.11378E+01  0.65339E+01
  0.17055E-01  0.48600E+00  0.42107E+00  0.11471E+01  0.62850E+01
  0.17055E-01  0.49684E+00  0.43275E+00  0.11571E+01  0.60646E+01
  0.17055E-01  0.50316E+00  0.44688E+00  0.11602E+01  0.58644E+01
  0.17055E-01  0.51400E+00  0.53797E+00  0.11528E+01  0.48528E+01
  0.17055E-01  0.52484E+00  0.63233E+00  0.11495E+01  0.41046E+01
  0.17055E-01  0.53116E+00  0.68043E+00  0.11180E+01  0.36987E+01
  0.17055E-01  0.54200E+00  0.66169E+00  0.10206E+01  0.34874E+01
  0.17055E-01  0.55284E+00  0.64122E+00  0.91654E+00  0.32381E+01
  0.17055E-01  0.55916E+00  0.61987E+00  0.71366E+00  0.26345E+01
  0.17055E-01  0.57000E+00  0.56778E+00  0.43399E+00  0.21502E+01
  0.17055E-01  0.58084E+00  0.51646E+00  0.11787E+00  0.14527E+01
  0.17055E-01  0.58716E+00  0.49984E+00  0.23279E-02  0.11650E+01
  0.17055E-01  0.59800E+00  0.49992E+00  0.15819E-02  0.11541E+01
  0.17055E-01  0.60884E+00  0.49997E+00  0.41465E-03  0.11451E+01
  0.17055E-01  0.61516E+00  0.49998E+00  0.74987E-04  0.11433E+01
  0.17055E-01  0.62600E+00  0.49997E+00  0.19603E-03  0.11421E+01
  0.17055E-01  0.63684E+00  0.50003E+00 -0.64337E-04  0.11420E+01
  0.17055E-01  0.64316E+00  0.50002E+00 -0.50518E-04  0.11421E+01
  0.17055E-01  0.65400E+00  0.49998E+00  0.39956E-04  0.11420E+01
  0.17055E-01  0.66484E+00  0.50001E+00 -0.19966E-04  0.11420E+01
  0.17055E-01  0.67116E+00  0.50001E+00 -0.14613E-04  0.11420E+01
  0.17055E-01  0.68200E+00  0.50000E+00  0.11200E-04  0.11420E+01
  0.17055E-01  0.69284E+00  0.50000E+00 -0.52633E-05  0.11420E+01
  0.17055E-01  0.69916E+00  0.50000E+00 -0.44308E-05  0.11420E+01
  0.17055E-01  0.71000E+00  0.50000E+00  0.27606E-05  0.11420E+01
  0.17055E-01  0.72084E+00  0.50000E+00 -0.88294E-06  0.11420E+01
  0.17055E-01  0.72716E+00  0.50000E+00 -0.10462E-05  0.11420E+01
  0.17055E-01  0.73800E+00  0.50000E+00  0.49645E-06  0.11420E+01
  0.17055E-01  0.74884E+00  0.50000E+00  0.23448E-06  0.11420E+01
  0.17055E-01  0.75516E+00  0.50000E+00 -0.11705E-07  0.11420E+01
  0.17055E-01  0.76600E+00  0.50000E+00  0.28449E-08  0.11420E+01
  0.17055E-01  0.77684E+00  0.50000E+00  0.16153E-09  0.11420E+01
  0.17055E-01  0.78316E+00  0.50000E+00 -0.12994E-08  0.11420E+01
  0.17055E-01  0.79400E+00  0.50000E+00 -0.11401E-12  0.11420E+01
  0.17055E-01  0.80484E+00  0.50000E+00  0.12996E-08  0.11420E+01
  0.17055E-01  0.81116E+00  0.50000E+00 -0.12996E-08  0.11420E+01
  0.17055E-01  0.82200E+00  0.50000E+00  0.34853E-14  0.11420E+01
  0.17055E-01  0.83284E+00  0.50000E+00  0.12996E-08  0.11420E+01
  0.17055E-01  0.83916E+00  0.50000E+00 -0.12996E-08  0.11420E+01
  0.17055E-01  0.85000E+00  0.50000E+00  0.15039E-15  0.11420E+01
  0.17055E-01  0.86084E+00  0.50000E+00  0.12996E-08  0.11420E+01
  0.17055E-01  0.86716E+00  0.50000E+00 -0.12996E-08  0.11420E+01
  0.17055E-01  0.87800E+00  0.50000E+00  0.23235E-16  0.11420E+01
  0.17055E-01  0.88884E+00  0.50000E+00  0.12996E-08  0.11420E+01
  0.17055E-01  0.89516E+00  0.50000E+00 -0.12996E-08  0.11420E+01
  0.17055E-01  0.90600E+00  0.50000E+00  0.84627E-17  0.11420E+01
  0.17055E-01  0.91684E+00  0.50000E+00  0.12996E-08  0.11420E+01
  0.17055E-01  0.92316E+00  0.50000E+00 -0.12996E-08  0.11420E+01
  0.17055E-01  0.93400E+00  0.50000E+00  0.88944E-17  0.11420E+01
  0.17055E-01  0.94484E+00  0.50000E+00  0.12996E-08  0.11420E+01
  0.17055E-01  0.95116E+00  0.50000E+00 -0.12996E-08  0.11420E+01
  0.17055E-01  0.96200E+00  0.50000E+00 -0.50268E-18  0.11420E+01
  0.17055E-01  0.97284E+00  0.50000E+00  0.12996E-08  0.11420E+01
  0.17055E-01  0.97916E+00  0.50000E+00 -0.12996E-08  0.11420E+01
  0.17055E-01  0.99000E+00  0.50000E+00  0.41042E-17  0.11420E+01
  0.17055E-01  0.10008E+01  0.50000E+00  0.12996E-08  0.11420E+01
  0.17055E-01  0.10072E+01  0.50000E+00 -0.12996E-08  0.11420E+01
  0.17055E-01  0.10180E+01  0.50000E+00  0.44058E-17  0.11420E+01
  0.17055E-01  0.10288E+01  0.50000E+00  0.12996E-08  0.11420E+01
  0.17055E-01  0.10352E+01  0.50000E+00 -0.12996E-08  0.11420E+01
  0.17055E-01  0.10460E+01  0.50000E+00  0.24956E-17  0.11420E+01
  0.17055E-01  0.10568E+01  0.50000E+00  0.12996E-08  0.11420E+01
  0.17055E-01  0.10632E+01  0.50000E+00 -0.12996E-08  0.11420E+01
  0.17055E-01  0.10740E+01  0.50000E+00 -0.44649E-17  0.11420E+01
  0.17055E-01  0.10848E+01  0.50000E+00  0.12996E-08  0.11420E+01
  0.17055E-01  0.10912E+01  0.50000E+00 -0.12996E-08  0.11420E+01
  0.17055E-01  0.11020E+01  0.50000E+00 -0.14430E-17  0.11420E+01
  0.17055E-01  0.11128E+01  0.50000E+00  0.12996E-08  0.11420E+01
  0.17055E-01  0.11192E+01  0.50000E+00 -0.12996E-08  0.11420E+01
  0.17055E-01  0.11300E+01  0.50000E+00 -0.46838E-17  0.11420E+01
  0.17055E-01  0.11408E+01  0.50000E+00  0.12996E-08  0.11420E+01
  0.17055E-01  0.11472E+01  0.50000E+00 -0.12996E-08  0.11420E+01
  0.17055E-01  0.11580E+01  0.50000E+00 -0.65703E-17  0.11420E+01
  0.17055E-01  0.11688E+01  0.50000E+00  0.12996E-08  0.11420E+01
  0.17055E-01  0.11752E+01  0.50000E+00 -0.12996E-08  0.11420E+01
  0.17055E-01  0.11860E+01  0.50000E+00 -0.46187E-17  0.11420E+01
  0.17055E-01  0.11968E+01  0.50000E+00  0.12996E-08  0.11420E+01
  0.34024E-01 -0.19684E+00  0.44500E+00  0.69800E+00  0.79281E+01
  0.34024E-01 -0.18600E+00  0.44500E+00  0.69800E+00  0.79281E+01
  0.34024E-01 -0.17516E+00  0.44500E+00  0.69800E+00  0.79281E+01
  0.34024E-01 -0.16884E+00  0.44500E+00  0.69800E+00  0.79281E+01
  0.34024E-01 -0.15800E+00  0.44500E+00  0.69800E+00  0.79281E+01
  0.34024E-01 -0.14716E+00  0.44500E+00  0.69800E+00  0.79281E+01
  0.34024E-01 -0.14084E+00  0.44500E+00  0.69800E+00  0.79281E+01
  0.34024E-01 -0.13000E+00  0.44500E+00  0.69800E+00  0.79281E+01
  0.34024E-01 -0.11916E+00  0.44500E+00  0.69800E+00  0.79281E+01
  0.34024E-01 -0.11284E+00  0.44500E+00  0.69800E+00  0.79281E+01
  0.34024E-01 -0.10200E+00  0.44500E+00  0.69800E+00  0.79281E+01
  0.34024E-01 -0.91156E-01  0.44500E+00  0.69800E+00  0.79281E+01
  0.34024E-01 -0.84844E-01  0.44500E+00  0.69800E+00  0.79281E+01
  0.34024E-01 -0.74000E-01  0.44500E+00  0.69800E+00  0.79281E+01
  0.34024E-01 -0.63156E-01  0.44500E+00  0.69800E+00  0.79281E+01
  0.34024E-01 -0.56844E-01  0.44500E+00  0.69800E+00  0.79281E+01
  0.34024E-01 -0.46000E-01  0.44500E+00  0.69800E+00  0.79281E+01
  0.34024E-01 -0.35156E-01  0.44500E+00  0.69800E+00  0.79281E+01
  0.34024E-01 -0.28844E-01  0.44500E+00  0.69800E+00  0.79281E+01
  0.34024E-01 -0.18000E-01  0.44500E+00  0.69800E+00  0.79281E+01
  0.34024E-01 -0.71556E-02  0.44500E+00  0.69800E+00  0.79281E+01
  0.34024E-01 -0.84435E-03  0.44500E+00  0.69800E+00  0.79281E+01
  0.34024E-01  0.10000E-01  0.44500E+00  0.69800E+00  0.79281E+01
  0.34024E-01  0.20844E-01  0.44500E+00  0.69800E+00  0.79281E+01
  0.34024E-01  0.27156E-01  0.44500E+00  0.69800E+00  0.79281E+01
  0.34024E-01  0.38000E-01  0.44500E+00  0.69800E+00  0.79281E+01
  0.34024E-01  0.48844E-01  0.44500E+00  0.69800E+00  0.79281E+01
  0.34024E-01  0.55156E-01  0.44500E+00  0.69800E+00  0.79281E+01
  0.34024E-01  0.66000E-01  0.44500E+00  0.69800E+00  0.79281E+01
  0.34024E-01  0.76844E-01  0.44500E+00  0.69800E+00  0.79281E+01
  0.34024E-01  0.83156E-01  0.44500E+00  0.69800E+00  0.79281E+01
  0.34024E-01  0.94000E-01  0.44500E+00  0.69800E+00  0.79281E+01
  0.34024E-01  0.10484E+00  0.44500E+00  0.69800E+00  0.79281E+01
  0.34024E-01  0.11116E+00  0.44500E+00  0.69800E+00  0.79281E+01
  0.34024E-01  0.12200E+00  0.44500E+00  0.69800E+00  0.79281E+01
  0.34024E-01  0.13284E+00  0.44500E+00  0.69800E+00  0.79281E+01
  0.34024E-01  0.13916E+00  0.44500E+00  0.69800E+00  0.79281E+01
  0.34024E-01  0.15000E+00  0.44500E+00  0.69800E+00  0.79281E+01
  0.34024E-01  0.16084E+00  0.44500E+00  0.69800E+00  0.79281E+01
  0.34024E-01  0.16716E+00  0.44500E+00  0.69800E+00  0.79281E+01
  0.34024E-01  0.17800E+00  0.44500E+00  0.69800E+00  0.79281E+01
  0.34024E-01  0.18884E+00  0.44500E+00  0.69800E+00  0.79281E+01
  0.34024E-01  0.19516E+00  0.44500E+00  0.69799E+00  0.79281E+01
  0.34024E-01  0.20600E+00  0.44500E+00  0.69800E+00  0.79281E+01
  0.34024E-01  0.21684E+00  0.44500E+00  0.69802E+00  0.79280E+01
  0.34024E-01  0.22316E+00  0.44500E+00  0.69799E+00  0.79281E+01
  0.34024E-01  0.23400E+00  0.44500E+00  0.69796E+00  0.79282E+01
  0.34024E-01  0.24484E+00  0.44500E+00  0.69801E+00  0.79280E+01
  0.34024E-01  0.25116E+00  0.44499E+00  0.69809E+00  0.79278E+01
  0.34024E-01  0.26200E+00  0.44500E+00  0.69803E+00  0.79280E+01
  0.34024E-01  0.27284E+00  0.44502E+00  0.69778E+00  0.79287E+01
  0.34024E-01  0.27916E+00  0.44502E+00  0.69773E+00  0.79289E+01
  0.34024E-01  0.29000E+00  0.44496E+00  0.69835E+00  0.79273E+01
  0.34024E-01  0.30084E+00  0.44491E+00  0.69957E+00  0.79221E+01
  0.34024E-01  0.30716E+00  0.44490E+00  0.69923E+00  0.79245E+01
  0.34024E-01  0.31800E+00  0.44477E+00  0.69935E+00  0.79245E+01
  0.34024E-01  0.32884E+00  0.44477E+00  0.70480E+00  0.79008E+01
  0.34024E-01  0.33516E+00  0.44283E+00  0.72829E+00  0.78264E+01
  0.34024E-01  0.34600E+00  0.43882E+00  0.76934E+00  0.76935E+01
  0.34024E-01  0.35684E+00  0.43394E+00  0.82703E+00  0.75064E+01
  0.34024E-01  0.36316E+00  0.42949E+00  0.87815E+00  0.73459E+01
  0.34024E-01  0.37400E+00  0.42203E+00  0.95682E+00  0.71103E+01
  0.34024E-01  0.38484E+00  0.41617E+00  0.10228E+01  0.69042E+01
  0.34024E-01  0.39116E+00  0.41345E+00  0.10518E+01  0.68137E+01
  0.34024E-01  0.40200E+00  0.40939E+00  0.10913E+01  0.66995E+01
  0.34024E-01  0.41284E+00  0.40678E+00  0.11186E+01  0.66176E+01
  0.34024E-01  0.41916E+00  0.40578E+00  0.11301E+01  0.65821E+01
  0.34024E-01  0.43000E+00  0.40425E+00  0.11464E+01  0.65371E+01
  0.34024E-01  0.44084E+00  0.40296E+00  0.11581E+01  0.65077E+01
  0.34024E-01  0.44716E+00  0.40235E+00  0.11633E+01  0.64944E+01
  0.34024E-01  0.45800E+00  0.40166E+00  0.11698E+01  0.64746E+01
  0.34024E-01  0.46884E+00  0.40099E+00  0.11760E+01  0.64544E+01
  0.34024E-01  0.47516E+00  0.40130E+00  0.11779E+01  0.64446E+01
  0.34024E-01  0.48600E+00  0.40251E+00  0.11783E+01  0.64176E+01
  0.34024E-01  0.49684E+00  0.40407E+00  0.11782E+01  0.64034E+01
  0.34024E-01  0.50316E+00  0.41503E+00  0.11802E+01  0.62552E+01
  0.34024E-01  0.51400E+00  0.45630E+00  0.11796E+01  0.57017E+01
  0.34024E-01  0.52484E+00  0.49779E+00  0.11802E+01  0.52303E+01
  0.34024E-01  0.53116E+00  0.53078E+00  0.11809E+01  0.49091E+01
  0.34024E-01  0.54200E+00  0.59936E+00  0.11808E+01  0.43474E+01
  0.34024E-01  0.55284E+00  0.67585E+00  0.11791E+01  0.38432E+01
  0.34024E-01  0.55916E+00  0.70956E+00  0.11785E+01  0.36496E+01
  0.34024E-01  0.57000E+00  0.71562E+00  0.11704E+01  0.35794E+01
  0.34024E-01  0.58084E+00  0.72146E+00  0.11608E+01  0.35158E+01
  0.34024E-01  0.58716E+00  0.72409E+00  0.11449E+01  0.34603E+01
  0.34024E-01  0.59800E+00  0.70308E+00  0.10556E+01  0.32804E+01
  0.34024E-01  0.60884E+00  0.68256E+00  0.95750E+00  0.30534E+01
  0.34024E-01  0.61516E+00  0.66350E+00  0.78214E+00  0.26176E+01
  0.34024E-01  0.62600E+00  0.59169E+00  0.49704E+00  0.21881E+01
  0.34024E-01  0.63684E+00  0.51999E+00  0.14591E+00  0.14683E+01
  0.34024E-01  0.64316E+00  0.49975E+00  0.34130E-02  0.11666E+01
  0.34024E-01  0.65400E+00  0.49988E+00  0.20187E-02  0.11553E+01
  0.34024E-01  0.66484E+00  0.49994E+00  0.62091E-03  0.11452E+01
  0.34024E-01  0.67116E+00  0.49996E+00  0.92949E-04  0.11434E+01
  0.34024E-01  0.68200E+00  0.49996E+00  0.19145E-03  0.11421E+01
  0.34024E-01  0.69284E+00  0.50003E+00 -0.67948E-04  0.11419E+01
  0.34024E-01  0.69916E+00  0.50002E+00 -0.44702E-04  0.11421E+01
  0.34024E-01  0.71000E+00  0.49998E+00  0.44561E-04  0.11420E+01
  0.34024E-01  0.72084E+00  0.50001E+00 -0.25034E-04  0.11420E+01
  0.34024E-01  0.72716E+00  0.50001E+00 -0.16625E-04  0.11420E+01
  0.34024E-01  0.73800E+00  0.49999E+00  0.14733E-04  0.11420E+01
  0.34024E-01  0.74884E+00  0.50000E+00 -0.77213E-05  0.11420E+01
  0.34024E-01  0.75516E+00  0.50000E+00 -0.62235E-05  0.11420E+01
  0.34024E-01  0.76600E+00  0.50000E+00  0.47851E-05  0.11420E+01
  0.34024E-01  0.77684E+00  0.50000E+00 -0.16660E-05  0.11420E+01
  0.34024E-01  0.78316E+00  0.50000E+00 -0.22727E-05  0.11420E+01
  0.34024E-01  0.79400E+00  0.50000E+00  0.67486E-06  0.11420E+01
  0.34024E-01  0.80484E+00  0.50000E+00  0.12864E-06  0.11420E+01
  0.34024E-01  0.81116E+00  0.50000E+00 -0.26988E-07  0.11420E+01
  0.34024E-01  0.82200E+00  0.50000E+00  0.72142E-08  0.11420E+01
  0.34024E-01  0.83284E+00  0.50000E+00 -0.19113E-08  0.11420E+01
  0.34024E-01  0.83916E+00  0.50000E+00 -0.12995E-08  0.11420E+01
  0.34024E-01  0.85000E+00  0.50000E+00 -0.67835E-13  0.11420E+01
  0.34024E-01  0.86084E+00  0.50000E+00  0.12996E-08  0.11420E+01
  0.34024E-01  0.86716E+00  0.50000E+00 -0.12996E-08  0.11420E+01
  0.34024E-01  0.87800E+00  0.50000E+00 -0.17623E-14  0.11420E+01
  0.34024E-01  0.88884E+00  0.50000E+00  0.12996E-08  0.11420E+01
  0.34024E-01  0.89516E+00  0.50000E+00 -0.12996E-08  0.11420E+01
  0.34024E-01  0.90600E+00  0.50000E+00 -0.31621E-16  0.11420E+01
  0.34024E-01  0.91684E+00  0.50000E+00  0.12996E-08  0.11420E+01
  0.34024E-01  0.92316E+00  0.50000E+00 -0.12996E-08  0.11420E+01
  0.34024E-01  0.93400E+00  0.50000E+00  0.19687E-16  0.11420E+01
  0.34024E-01  0.94484E+00  0.50000E+00  0.12996E-08  0.11420E+01
  0.34024E-01  0.95116E+00  0.50000E+00 -0.12996E-08  0.11420E+01
  0.34024E-01  0.96200E+00  0.50000E+00  0.37316E-17  0.11420E+01
  0.34024E-01  0.97284E+00  0.50000E+00  0.12996E-08  0.11420E+01
  0.34024E-01  0.97916E+00  0.50000E+00 -0.12996E-08  0.11420E+01
  0.34024E-01  0.99000E+00  0.50000E+00 -0.17777E-16  0.11420E+01
  0.34024E-01  0.10008E+01  0.50000E+00  0.12996E-08  0.11420E+01
  0.34024E-01  0.10072E+01  0.50000E+00 -0.12996E-08  0.11420E+01
  0.34024E-01  0.10180E+01  0.50000E+00  0.23892E-17  0.11420E+01
  0.34024E-01  0.10288E+01  0.50000E+00  0.12996E-08  0.11420E+01
  0.34024E-01  0.10352E+01  0.50000E+00 -0.12996E-08  0.11420E+01
  0.34024E-01  0.10460E+01  0.50000E+00  0.23005E-17  0.11420E+01
  0.34024E-01  0.10568E+01  0.50000E+00  0.12996E-08  0.11420E+01
  0.34024E-01  0.10632E+01  0.50000E+00 -0.12996E-08  0.11420E+01
  0.34024E-01  0.10740E+01  0.50000E+00 -0.44649E-17  0.11420E+01
  0.34024E-01  0.10848E+01  0.50000E+00  0.12996E-08  0.11420E+01
  0.34024E-01  0.10912E+01  0.50000E+00 -0.12996E-08  0.11420E+01
  0.34024E-01  0.11020E+01  0.50000E+00 -0.14430E-17  0.11420E+01
  0.34024E-01  0.11128E+01  0.50000E+00  0.12996E-08  0.11420E+01
  0.34024E-01  0.11192E+01  0.50000E+00 -0.12996E-08  0.11420E+01
  0.34024E-01  0.11300E+01  0.50000E+00 -0.46838E-17  0.11420E+01
  0.34024E-01  0.11408E+01  0.50000E+00  0.12996E-08  0.11420E+01
  0.34024E-01  0.11472E+01  0.50000E+00 -0.12996E-08  0.11420E+01
  0.34024E-01  0.11580E+01  0.50000E+00 -0.65703E-17  0.11420E+01
  0.34024E-01  0.11688E+01  0.50000E+00  0.12996E-08  0.11420E+01
  0.34024E-01  0.11752E+01  0.50000E+00 -0.12996E-08  0.11420E+01
  0.34024E-01  0.11860E+01  0.50000E+00 -0.46187E-17  0.11420E+01
  0.34024E-01  0.11968E+01  0.50000E+00  0.12996E-08  0.11420E+01
  0.50994E-01 -0.19684E+00  0.44500E+00  0.69800E+00  0.79281E+01
  0.50994E-01 -0.18600E+00  0.44500E+00  0.69800E+00  0.79281E+01
  0.50994E-01 -0.17516E+00  0.44500E+00  0.69800E+00  0.79281E+01
  0.50994E-01 -0.16884E+00  0.44500E+00  0.69800E+00  0.79281E+01
  0.50994E-01 -0.15800E+00  0.44500E+00  0.69800E+00  0.79281E+01
  0.50994E-01 -0.14716E+00  0.44500E+00  0.69800E+00  0.79281E+01
  0.50994E-01 -0.14084E+00  0.44500E+00  0.69800E+00  0.79281E+01
  0.50994E-01 -0.13000E+00  0.44500E+00  0.69800E+00  0.79281E+01
  0.50994E-01 -0.11916E+00  0.44500E+00  0.69800E+00  0.79281E+01
  0.50994E-01 -0.11284E+00  0.44500E+00  0.69800E+00  0.79281E+01
  0.50994E-01 -0.10200E+00  0.44500E+00  0.69800E+00  0.79281E+01
  0.50994E-01 -0.91156E-01  0.44500E+00  0.69800E+00  0.79281E+01
  0.50994E-01 -0.84844E-01  0.44500E+00  0.69800E+00  0.79281E+01
  0.50994E-01 -0.74000E-01  0.44500E+00  0.69800E+00  0.79281E+01
  0.50994E-01 -0.63156E-01  0.44500E+00  0.69800E+00  0.79281E+01
  0.50994E-01 -0.56844E-01  0.44500E+00  0.69800E+00  0.79281E+01
  0.50994E-01 -0.46000E-01  0.44500E+00  0.69800E+00  0.79281E+01
  0.50994E-01 -0.35156E-01  0.44500E+00  0.69800E+00  0.79281E+01
  0.50994E-01 -0.28844E-01  0.44500E+00  0.69800E+00  0.79281E+01
  0.50994E-01 -0.18000E-01  0.44500E+00  0.69800E+00  0.79281E+01
  0.50994E-01 -0.71556E-02  0.44500E+00  0.69800E+00  0.79281E+01
  0.50994E-01 -0.84435E-03  0.44500E+00  0.69800E+00  0.79281E+01
  0.50994E-01  0.10000E-01  0.44500E+00  0.69800E+00  0.79281E+01
  0.50994E-01  0.20844E-01  0.44500E+00  0.69800E+00  0.79281E+01
  0.50994E-01  0.27156E-01  0.44500E+00  0.69800E+00  0.79281E+01
  0.50994E-01  0.38000E-01  0.44500E+00  0.69800E+00  0.79281E+01
  0.50994E-01  0.48844E-01  0.44500E+00  0.69800E+00  0.79281E+01
  0.50994E-01  0.55156E-01  0.44500E+00  0.69800E+00  0.79281E+01
  0.50994E-01  0.66000E-01  0.44500E+00  0.69800E+00  0.79281E+01
  0.50994E-01  0.76844E-01  0.44500E+00  0.69800E+00  0.79281E+01
  0.50994E-01  0.83156E-01  0.44500E+00  0.69800E+00  0.79281E+01
  0.50994E-01  0.94000E-01  0.44500E+00  0.69800E+00  0.79281E+01
  0.50994E-01  0.10484E+00  0.44500E+00  0.69800E+00  0.79281E+01
  0.50994E-01  0.11116E+00  0.44500E+00  0.69799E+00  0.79281E+01
  0.50994E-01  0.12200E+00  0.44500E+00  0.69799E+00  0.79281E+01
  0.50994E-01  0.13284E+00  0.44500E+00  0.69802E+00  0.79281E+01
  0.50994E-01  0.13916E+00  0.44500E+00  0.69802E+00  0.79281E+01
  0.50994E-01  0.15000E+00  0.44500E+00  0.69798E+00  0.79282E+01
  0.50994E-01  0.16084E+00  0.44501E+00  0.69793E+00  0.79283E+01
  0.50994E-01  0.16716E+00  0.44500E+00  0.69802E+00  0.79280E+01
  0.50994E-01  0.17800E+00  0.44499E+00  0.69813E+00  0.79277E+01
  0.50994E-01  0.18884E+00  0.44500E+00  0.69803E+00  0.79280E+01
  0.50994E-01  0.19516E+00  0.44502E+00  0.69773E+00  0.79290E+01
  0.50994E-01  0.20600E+00  0.44502E+00  0.69770E+00  0.79292E+01
  0.50994E-01  0.21684E+00  0.44498E+00  0.69846E+00  0.79262E+01
  0.50994E-01  0.22316E+00  0.44491E+00  0.69917E+00  0.79244E+01
  0.50994E-01  0.23400E+00  0.44483E+00  0.69945E+00  0.79235E+01
  0.50994E-01  0.24484E+00  0.44500E+00  0.69930E+00  0.79226E+01
  0.50994E-01  0.25116E+00  0.44445E+00  0.70477E+00  0.79074E+01
  0.50994E-01  0.26200E+00  0.44296E+00  0.71963E+00  0.78575E+01
  0.50994E-01  0.27284E+00  0.44205E+00  0.73749E+00  0.77929E+01
  0.50994E-01  0.27916E+00  0.43901E+00  0.77194E+00  0.76851E+01
  0.50994E-01  0.29000E+00  0.43347E+00  0.82839E+00  0.75097E+01
  0.50994E-01  0.30084E+00  0.42798E+00  0.89345E+00  0.72992E+01
  0.50994E-01  0.30716E+00  0.42448E+00  0.93194E+00  0.71780E+01
  0.50994E-01  0.31800E+00  0.41873E+00  0.99023E+00  0.70050E+01
  0.50994E-01  0.32884E+00  0.41428E+00  0.10397E+01  0.68541E+01
  0.50994E-01  0.33516E+00  0.41225E+00  0.10631E+01  0.67829E+01
  0.50994E-01  0.34600E+00  0.40911E+00  0.10960E+01  0.66854E+01
  0.50994E-01  0.35684E+00  0.40674E+00  0.11199E+01  0.66146E+01
  0.50994E-01  0.36316E+00  0.40569E+00  0.11308E+01  0.65825E+01
  0.50994E-01  0.37400E+00  0.40427E+00  0.11459E+01  0.65365E+01
  0.50994E-01  0.38484E+00  0.40324E+00  0.11567E+01  0.65049E+01
  0.50994E-01  0.39116E+00  0.40275E+00  0.11619E+01  0.64905E+01
  0.50994E-01  0.40200E+00  0.40209E+00  0.11696E+01  0.64697E+01
  0.50994E-01  0.41284E+00  0.40159E+00  0.11752E+01  0.64530E+01
  0.50994E-01  0.41916E+00  0.40134E+00  0.11775E+01  0.64456E+01
  0.50994E-01  0.43000E+00  0.40109E+00  0.11790E+01  0.64404E+01
  0.50994E-01  0.44084E+00  0.40111E+00  0.11781E+01  0.64432E+01
  0.50994E-01  0.44716E+00  0.40115E+00  0.11776E+01  0.64449E+01
  0.50994E-01  0.45800E+00  0.40110E+00  0.11777E+01  0.64470E+01
  0.50994E-01  0.46884E+00  0.40082E+00  0.11785E+01  0.64498E+01
  0.50994E-01  0.47516E+00  0.40072E+00  0.11800E+01  0.64456E+01
  0.50994E-01  0.48600E+00  0.40102E+00  0.11825E+01  0.64299E+01
  0.50994E-01  0.49684E+00  0.40098E+00  0.11833E+01  0.64227E+01
  0.50994E-01  0.50316E+00  0.40306E+00  0.11829E+01  0.63971E+01
  0.50994E-01  0.51400E+00  0.41093E+00  0.11827E+01  0.62800E+01
  0.50994E-01  0.52484E+00  0.41808E+00  0.11846E+01  0.61675E+01
  0.50994E-01  0.53116E+00  0.42893E+00  0.11865E+01  0.60273E+01
  0.50994E-01  0.54200E+00  0.48970E+00  0.11852E+01  0.53115E+01
  0.50994E-01  0.55284E+00  0.55081E+00  0.11827E+01  0.47287E+01
  0.50994E-01  0.55916E+00  0.58826E+00  0.11822E+01  0.44174E+01
  0.50994E-01  0.57000E+00  0.64671E+00  0.11826E+01  0.40116E+01
  0.50994E-01  0.58084E+00  0.69628E+00  0.11824E+01  0.37245E+01
  0.50994E-01  0.58716E+00  0.71505E+00  0.11843E+01  0.36157E+01
  0.50994E-01  0.59800E+00  0.72979E+00  0.11869E+01  0.35319E+01
  0.50994E-01  0.60884E+00  0.74514E+00  0.11847E+01  0.34607E+01
  0.50994E-01  0.61516E+00  0.74924E+00  0.11840E+01  0.34344E+01
  0.50994E-01  0.62600E+00  0.74696E+00  0.11774E+01  0.34153E+01
  0.50994E-01  0.63684E+00  0.74624E+00  0.11674E+01  0.34002E+01
  0.50994E-01  0.64316E+00  0.74535E+00  0.11516E+01  0.33692E+01
  0.50994E-01  0.65400E+00  0.72564E+00  0.10706E+01  0.32087E+01
  0.50994E-01  0.66484E+00  0.70620E+00  0.98333E+00  0.30108E+01
  0.50994E-01  0.67116E+00  0.68440E+00  0.83771E+00  0.26824E+01
  0.50994E-01  0.68200E+00  0.60807E+00  0.54382E+00  0.22434E+01
  0.50994E-01  0.69284E+00  0.53118E+00  0.17208E+00  0.14682E+01
  0.50994E-01  0.69916E+00  0.50105E+00  0.62931E-02  0.11657E+01
  0.50994E-01  0.71000E+00  0.50030E+00  0.27084E-02  0.11560E+01
  0.50994E-01  0.72084E+00  0.50006E+00  0.11881E-02  0.11450E+01
  0.50994E-01  0.72716E+00  0.49994E+00  0.18632E-03  0.11434E+01
  0.50994E-01  0.73800E+00  0.49997E+00  0.20144E-03  0.11422E+01
  0.50994E-01  0.74884E+00  0.50003E+00 -0.63461E-04  0.11419E+01
  0.50994E-01  0.75516E+00  0.50002E+00 -0.55876E-04  0.11421E+01
  0.50994E-01  0.76600E+00  0.49998E+00  0.47447E-04  0.11420E+01
  0.50994E-01  0.77684E+00  0.50001E+00 -0.24157E-04  0.11420E+01
  0.50994E-01  0.78316E+00  0.50001E+00 -0.19108E-04  0.11420E+01
  0.50994E-01  0.79400E+00  0.49999E+00  0.14538E-04  0.11420E+01
  0.50994E-01  0.80484E+00  0.50000E+00 -0.78861E-05  0.11420E+01
  0.50994E-01  0.81116E+00  0.50000E+00 -0.64837E-05  0.11420E+01
  0.50994E-01  0.82200E+00  0.50000E+00  0.48078E-05  0.11420E+01
  0.50994E-01  0.83284E+00  0.50000E+00 -0.22235E-05  0.11420E+01
  0.50994E-01  0.83916E+00  0.50000E+00 -0.27447E-05  0.11420E+01
  0.50994E-01  0.85000E+00  0.50000E+00  0.97349E-06  0.11420E+01
  0.50994E-01  0.86084E+00  0.50000E+00  0.20590E-06  0.11420E+01
  0.50994E-01  0.86716E+00  0.50000E+00 -0.31558E-06  0.11420E+01
  0.50994E-01  0.87800E+00  0.50000E+00  0.58933E-08  0.11420E+01
  0.50994E-01  0.88884E+00  0.50000E+00  0.14263E-06  0.11420E+01
  0.50994E-01  0.89516E+00  0.50000E+00  0.29111E-11  0.11420E+01
  0.50994E-01  0.90600E+00  0.50000E+00 -0.40718E-09  0.11420E+01
  0.50994E-01  0.91684E+00  0.50000E+00  0.16247E-08  0.11420E+01
  0.50994E-01  0.92316E+00  0.50000E+00 -0.12990E-08  0.11420E+01
  0.50994E-01  0.93400E+00  0.50000E+00 -0.28572E-12  0.11420E+01
  0.50994E-01  0.94484E+00  0.50000E+00  0.12997E-08  0.11420E+01
  0.50994E-01  0.95116E+00  0.50000E+00 -0.12996E-08  0.11420E+01
  0.50994E-01  0.96200E+00  0.50000E+00  0.88246E-14  0.11420E+01
  0.50994E-01  0.97284E+00  0.50000E+00  0.12996E-08  0.11420E+01
  0.50994E-01  0.97916E+00  0.50000E+00 -0.12996E-08  0.11420E+01
  0.50994E-01  0.99000E+00  0.50000E+00  0.27311E-15  0.11420E+01
  0.50994E-01  0.10008E+01  0.50000E+00  0.12996E-08  0.11420E+01
  0.50994E-01  0.10072E+01  0.50000E+00 -0.12996E-08  0.11420E+01
  0.50994E-01  0.10180E+01  0.50000E+00  0.23188E-16  0.11420E+01
  0.50994E-01  0.10288E+01  0.50000E+00  0.12996E-08  0.11420E+01
  0.50994E-01  0.10352E+01  0.50000E+00 -0.12996E-08  0.11420E+01
  0.50994E-01  0.10460E+01  0.50000E+00  0.60912E-18  0.11420E+01
  0.50994E-01  0.10568E+01  0.50000E+00  0.12996E-08  0.11420E+01
  0.50994E-01  0.10632E+01  0.50000E+00 -0.12996E-08  0.11420E+01
  0.50994E-01  0.10740E+01  0.50000E+00 -0.11845E-16  0.11420E+01
  0.50994E-01  0.10848E+01  0.50000E+00  0.12996E-08  0.11420E+01
  0.50994E-01  0.10912E+01  0.50000E+00 -0.12996E-08  0.11420E+01
  0.50994E-01  0.11020E+01  0.50000E+00 -0.28386E-17  0.11420E+01
  0.50994E-01  0.11128E+01  0.50000E+00  0.12996E-08  0.11420E+01
  0.50994E-01  0.11192E+01  0.50000E+00 -0.12996E-08  0.11420E+01
  0.50994E-01  0.11300E+01  0.50000E+00 -0.47074E-17  0.11420E+01
  0.50994E-01  0.11408E+01  0.50000E+00  0.12996E-08  0.11420E+01
  0.50994E-01  0.11472E+01  0.50000E+00 -0.12996E-08  0.11420E+01
  0.50994E-01  0.11580E+01  0.50000E+00 -0.64342E-17  0.11420E+01
  0.50994E-01  0.11688E+01  0.50000E+00  0.12996E-08  0.11420E+01
  0.50994E-01  0.11752E+01  0.50000E+00 -0.12996E-08  0.11420E+01
  0.50994E-01  0.11860E+01  0.50000E+00 -0.46601E-17  0.11420E+01
  0.50994E-01  0.11968E+01  0.50000E+00  0.12996E-08  0.11420E+01
  0.67963E-01 -0.19684E+00  0.44500E+00  0.69800E+00  0.79281E+01
  0.67963E-01 -0.18600E+00  0.44500E+00  0.69800E+00  0.79281E+01
  0.67963E-01 -0.17516E+00  0.44500E+00  0.69800E+00  0.79281E+01
  0.67963E-01 -0.16884E+00  0.44500E+00  0.69800E+00  0.79281E+01
  0.67963E-01 -0.15800E+00  0.44500E+00  0.69800E+00  0.79281E+01
  0.67963E-01 -0.14716E+00  0.44500E+00  0.69800E+00  0.79281E+01
  0.67963E-01 -0.14084E+00  0.44500E+00  0.69800E+00  0.79281E+01
  0.67963E-01 -0.13000E+00  0.44500E+00  0.69800E+00  0.79281E+01
  0.67963E-01 -0.11916E+00  0.44500E+00  0.69800E+00  0.79281E+01
  0.67963E-01 -0.11284E+00  0.44500E+00  0.69800E+00  0.79281E+01
  0.67963E-01 -0.10200E+00  0.44500E+00  0.69800E+00  0.79281E+01
  0.67963E-01 -0.91156E-01  0.44500E+00  0.69800E+00  0.79281E+01
  0.67963E-01 -0.84844E-01  0.44500E+00  0.69800E+00  0.79281E+01
  0.67963E-01 -0.74000E-01  0.44500E+00  0.69800E+00  0.79281E+01
  0.67963E-01 -0.63156E-01  0.44500E+00  0.69800E+00  0.79281E+01
  0.67963E-01 -0.56844E-01  0.44500E+00  0.69800E+00  0.79281E+01
  0.67963E-01 -0.46000E-01  0.44500E+00  0.69800E+00  0.79281E+01
  0.67963E-01 -0.35156E-01  0.44500E+00  0.69800E+00  0.79281E+01
  0.67963E-01 -0.28844E-01  0.44500E+00  0.69800E+00  0.79281E+01
  0.67963E-01 -0.18000E-01  0.44500E+00  0.69800E+00  0.79281E+01
  0.67963E-01 -0.71556E-02  0.44500E+00  0.69800E+00  0.79281E+01
  0.67963E-01 -0.84435E-03  0.44500E+00  0.69800E+00  0.79281E+01
  0.67963E-01  0.10000E-01  0.44500E+00  0.69800E+00  0.79281E+01
  0.67963E-01  0.20844E-01  0.44500E+00  0.69800E+00  0.79281E+01
  0.67963E-01  0.27156E-01  0.44500E+00  0.69800E+00  0.79281E+01
  0.67963E-01  0.38000E-01  0.44500E+00  0.69799E+00  0.79281E+01
  0.67963E-01  0.48844E-01  0.44500E+00  0.69800E+00  0.79281E+01
  0.67963E-01  0.55156E-01  0.44500E+00  0.69802E+00  0.79280E+01
  0.67963E-01  0.66000E-01  0.44500E+00  0.69802E+00  0.79280E+01
  0.67963E-01  0.76844E-01  0.44500E+00  0.69795E+00  0.79282E+01
  0.67963E-01  0.83156E-01  0.44501E+00  0.69793E+00  0.79283E+01
  0.67963E-01  0.94000E-01  0.44500E+00  0.69802E+00  0.79280E+01
  0.67963E-01  0.10484E+00  0.44498E+00  0.69820E+00  0.79274E+01
  0.67963E-01  0.11116E+00  0.44499E+00  0.69809E+00  0.79278E+01
  0.67963E-01  0.12200E+00  0.44502E+00  0.69776E+00  0.79289E+01
  0.67963E-01  0.13284E+00  0.44505E+00  0.69751E+00  0.79296E+01
  0.67963E-01  0.13916E+00  0.44501E+00  0.69798E+00  0.79280E+01
  0.67963E-01  0.15000E+00  0.44490E+00  0.69917E+00  0.79244E+01
  0.67963E-01  0.16084E+00  0.44484E+00  0.70007E+00  0.79208E+01
  0.67963E-01  0.16716E+00  0.44483E+00  0.69990E+00  0.79221E+01
  0.67963E-01  0.17800E+00  0.44466E+00  0.70121E+00  0.79182E+01
  0.67963E-01  0.18884E+00  0.44461E+00  0.70541E+00  0.79003E+01
  0.67963E-01  0.19516E+00  0.44293E+00  0.72392E+00  0.78428E+01
  0.67963E-01  0.20600E+00  0.43989E+00  0.75441E+00  0.77476E+01
  0.67963E-01  0.21684E+00  0.43694E+00  0.79383E+00  0.76115E+01
  0.67963E-01  0.22316E+00  0.43406E+00  0.82650E+00  0.75069E+01
  0.67963E-01  0.23400E+00  0.42850E+00  0.88216E+00  0.73425E+01
  0.67963E-01  0.24484E+00  0.42382E+00  0.93659E+00  0.71697E+01
  0.67963E-01  0.25116E+00  0.42130E+00  0.96593E+00  0.70752E+01
  0.67963E-01  0.26200E+00  0.41690E+00  0.10118E+01  0.69370E+01
  0.67963E-01  0.27284E+00  0.41309E+00  0.10516E+01  0.68181E+01
  0.67963E-01  0.27916E+00  0.41128E+00  0.10709E+01  0.67600E+01
  0.67963E-01  0.29000E+00  0.40870E+00  0.10991E+01  0.66752E+01
  0.67963E-01  0.30084E+00  0.40661E+00  0.11210E+01  0.66119E+01
  0.67963E-01  0.30716E+00  0.40563E+00  0.11314E+01  0.65825E+01
  0.67963E-01  0.31800E+00  0.40431E+00  0.11458E+01  0.65387E+01
  0.67963E-01  0.32884E+00  0.40332E+00  0.11562E+01  0.65070E+01
  0.67963E-01  0.33516E+00  0.40283E+00  0.11610E+01  0.64929E+01
  0.67963E-01  0.34600E+00  0.40212E+00  0.11683E+01  0.64720E+01
  0.67963E-01  0.35684E+00  0.40164E+00  0.11744E+01  0.64538E+01
  0.67963E-01  0.36316E+00  0.40142E+00  0.11772E+01  0.64458E+01
  0.67963E-01  0.37400E+00  0.40117E+00  0.11793E+01  0.64406E+01
  0.67963E-01  0.38484E+00  0.40117E+00  0.11785E+01  0.64429E+01
  0.67963E-01  0.39116E+00  0.40121E+00  0.11778E+01  0.64446E+01
  0.67963E-01  0.40200E+00  0.40124E+00  0.11774E+01  0.64446E+01
  0.67963E-01  0.41284E+00  0.40118E+00  0.11782E+01  0.64423E+01
  0.67963E-01  0.41916E+00  0.40107E+00  0.11797E+01  0.64383E+01
  0.67963E-01  0.43000E+00  0.40091E+00  0.11820E+01  0.64324E+01
  0.67963E-01  0.44084E+00  0.40077E+00  0.11831E+01  0.64305E+01
  0.67963E-01  0.44716E+00  0.40078E+00  0.11828E+01  0.64314E+01
  0.67963E-01  0.45800E+00  0.40078E+00  0.11826E+01  0.64298E+01
  0.67963E-01  0.46884E+00  0.40056E+00  0.11837E+01  0.64274E+01
  0.67963E-01  0.47516E+00  0.40041E+00  0.11843E+01  0.64270E+01
  0.67963E-01  0.48600E+00  0.40043E+00  0.11842E+01  0.64291E+01
  0.67963E-01  0.49684E+00  0.40060E+00  0.11829E+01  0.64335E+01
  0.67963E-01  0.50316E+00  0.40088E+00  0.11833E+01  0.64309E+01
  0.67963E-01  0.51400E+00  0.40164E+00  0.11834E+01  0.64138E+01
  0.67963E-01  0.52484E+00  0.40244E+00  0.11838E+01  0.63996E+01
  0.67963E-01  0.53116E+00  0.40779E+00  0.11853E+01  0.63231E+01
  0.67963E-01  0.54200E+00  0.42883E+00  0.11853E+01  0.60179E+01
  0.67963E-01  0.55284E+00  0.45006E+00  0.11859E+01  0.57405E+01
  0.67963E-01  0.55916E+00  0.47066E+00  0.11868E+01  0.55014E+01
  0.67963E-01  0.57000E+00  0.52769E+00  0.11863E+01  0.49236E+01
  0.67963E-01  0.58084E+00  0.59259E+00  0.11851E+01  0.43862E+01
  0.67963E-01  0.58716E+00  0.62919E+00  0.11843E+01  0.41228E+01
  0.67963E-01  0.59800E+00  0.67594E+00  0.11845E+01  0.38279E+01
  0.67963E-01  0.60884E+00  0.71258E+00  0.11843E+01  0.36274E+01
  0.67963E-01  0.61516E+00  0.72600E+00  0.11852E+01  0.35545E+01
  0.67963E-01  0.62600E+00  0.73839E+00  0.11849E+01  0.34872E+01
  0.67963E-01  0.63684E+00  0.75096E+00  0.11826E+01  0.34301E+01
  0.67963E-01  0.64316E+00  0.75416E+00  0.11837E+01  0.34109E+01
  0.67963E-01  0.65400E+00  0.75367E+00  0.11862E+01  0.34118E+01
  0.67963E-01  0.66484E+00  0.75706E+00  0.11838E+01  0.34032E+01
  0.67963E-01  0.67116E+00  0.75918E+00  0.11824E+01  0.33868E+01
  0.67963E-01  0.68200E+00  0.75753E+00  0.11773E+01  0.33706E+01
  0.67963E-01  0.69284E+00  0.75661E+00  0.11695E+01  0.33605E+01
  0.67963E-01  0.69916E+00  0.75463E+00  0.11551E+01  0.33354E+01
  0.67963E-01  0.71000E+00  0.73692E+00  0.10832E+01  0.31933E+01
  0.67963E-01  0.72084E+00  0.71966E+00  0.10066E+01  0.30236E+01
  0.67963E-01  0.72716E+00  0.70002E+00  0.89141E+00  0.27695E+01
  0.67963E-01  0.73800E+00  0.62001E+00  0.58708E+00  0.23122E+01
  0.67963E-01  0.74884E+00  0.54214E+00  0.21140E+00  0.15156E+01
  0.67963E-01  0.75516E+00  0.50353E+00  0.13307E-01  0.11723E+01
  0.67963E-01  0.76600E+00  0.50108E+00  0.45042E-02  0.11560E+01
  0.67963E-01  0.77684E+00  0.50044E+00  0.18981E-02  0.11462E+01
  0.67963E-01  0.78316E+00  0.49993E+00  0.21742E-03  0.11435E+01
  0.67963E-01  0.79400E+00  0.49997E+00  0.20597E-03  0.11422E+01
  0.67963E-01  0.80484E+00  0.50003E+00 -0.62302E-04  0.11419E+01
  0.67963E-01  0.81116E+00  0.50002E+00 -0.54022E-04  0.11421E+01
  0.67963E-01  0.82200E+00  0.49998E+00  0.48506E-04  0.11420E+01
  0.67963E-01  0.83284E+00  0.50001E+00 -0.23811E-04  0.11420E+01
  0.67963E-01  0.83916E+00  0.50001E+00 -0.20012E-04  0.11420E+01
  0.67963E-01  0.85000E+00  0.49999E+00  0.15278E-04  0.11420E+01
  0.67963E-01  0.86084E+00  0.50000E+00 -0.78842E-05  0.11420E+01
  0.67963E-01  0.86716E+00  0.50000E+00 -0.74361E-05  0.11420E+01
  0.67963E-01  0.87800E+00  0.50000E+00  0.47731E-05  0.11420E+01
  0.67963E-01  0.88884E+00  0.50000E+00 -0.16630E-05  0.11420E+01
  0.67963E-01  0.89516E+00  0.50000E+00 -0.25998E-05  0.11420E+01
  0.67963E-01  0.90600E+00  0.50000E+00  0.81727E-06  0.11420E+01
  0.67963E-01  0.91684E+00  0.50000E+00  0.35003E-06  0.11420E+01
  0.67963E-01  0.92316E+00  0.50000E+00 -0.13658E-07  0.11420E+01
  0.67963E-01  0.93400E+00  0.50000E+00  0.33539E-08  0.11420E+01
  0.67963E-01  0.94484E+00  0.50000E+00 -0.20478E-09  0.11420E+01
  0.67963E-01  0.95116E+00  0.50000E+00 -0.12994E-08  0.11420E+01
  0.67963E-01  0.96200E+00  0.50000E+00 -0.37769E-13  0.11420E+01
  0.67963E-01  0.97284E+00  0.50000E+00  0.12996E-08  0.11420E+01
  0.67963E-01  0.97916E+00  0.50000E+00 -0.12995E-08  0.11420E+01
  0.67963E-01  0.99000E+00  0.50000E+00 -0.42730E-14  0.11420E+01
  0.67963E-01  0.10008E+01  0.50000E+00  0.12996E-08  0.11420E+01
  0.67963E-01  0.10072E+01  0.50000E+00 -0.12996E-08  0.11420E+01
  0.67963E-01  0.10180E+01  0.50000E+00 -0.10463E-15  0.11420E+01
  0.67963E-01  0.10288E+01  0.50000E+00  0.12996E-08  0.11420E+01
  0.67963E-01  0.10352E+01  0.50000E+00 -0.12996E-08  0.11420E+01
  0.67963E-01  0.10460E+01  0.50000E+00  0.46092E-16  0.11420E+01
  0.67963E-01  0.10568E+01  0.50000E+00  0.12996E-08  0.11420E+01
  0.67963E-01  0.10632E+01  0.50000E+00 -0.12996E-08  0.11420E+01
  0.67963E-01  0.10740E+01  0.50000E+00  0.16145E-17  0.11420E+01
  0.67963E-01  0.10848E+01  0.50000E+00  0.12996E-08  0.11420E+01
  0.67963E-01  0.10912E+01  0.50000E+00 -0.12996E-08  0.11420E+01
  0.67963E-01  0.11020E+01  0.50000E+00 -0.12076E-16  0.11420E+01
  0.67963E-01  0.11128E+01  0.50000E+00  0.12996E-08  0.11420E+01
  0.67963E-01  0.11192E+01  0.50000E+00 -0.12996E-08  0.11420E+01
  0.67963E-01  0.11300E+01  0.50000E+00 -0.79955E-17  0.11420E+01
  0.67963E-01  0.11408E+01  0.50000E+00  0.12996E-08  0.11420E+01
  0.67963E-01  0.11472E+01  0.50000E+00 -0.12996E-08  0.11420E+01
  0.67963E-01  0.11580E+01  0.50000E+00 -0.57896E-17  0.11420E+01
  0.67963E-01  0.11688E+01  0.50000E+00  0.12996E-08  0.11420E+01
  0.67963E-01  0.11752E+01  0.50000E+00 -0.12996E-08  0.11420E+01
  0.67963E-01  0.11860E+01  0.50000E+00 -0.46424E-17  0.11420E+01
  0.67963E-01  0.11968E+01  0.50000E+00  0.12996E-08  0.11420E+01
  0.84933E-01 -0.19684E+00  0.44500E+00  0.69800E+00  0.79281E+01
  0.84933E-01 -0.18600E+00  0.44500E+00  0.69800E+00  0.79281E+01
  0.84933E-01 -0.17516E+00  0.44500E+00  0.69800E+00  0.79281E+01
  0.84933E-01 -0.16884E+00  0.44500E+00  0.69800E+00  0.79281E+01
  0.84933E-01 -0.15800E+00  0.44500E+00  0.69800E+00  0.79281E+01
  0.84933E-01 -0.14716E+00  0.44500E+00  0.69800E+00  0.79281E+01
  0.84933E-01 -0.14084E+00  0.44500E+00  0.69800E+00  0.79281E+01
  0.84933E-01 -0.13000E+00  0.44500E+00  0.69800E+00  0.79281E+01
  0.84933E-01 -0.11916E+00  0.44500E+00  0.69800E+00  0.79281E+01
  0.84933E-01 -0.11284E+00  0.44500E+00  0.69800E+00  0.79281E+01
  0.84933E-01 -0.10200E+00  0.44500E+00  0.69800E+00  0.79281E+01
  0.84933E-01 -0.91156E-01  0.44500E+00  0.69800E+00  0.79281E+01
  0.84933E-01 -0.84844E-01  0.44500E+00  0.69800E+00  0.79281E+01
  0.84933E-01 -0.74000E-01  0.44500E+00  0.69800E+00  0.79281E+01
  0.84933E-01 -0.63156E-01  0.44500E+00  0.69800E+00  0.79281E+01
  0.84933E-01 -0.56844E-01  0.44500E+00  0.69800E+00  0.79281E+01
  0.84933E-01 -0.46000E-01  0.44500E+00  0.69800E+00  0.79281E+01
  0.84933E-01 -0.35156E-01  0.44500E+00  0.69798E+00  0.79281E+01
  0.84933E-01 -0.28844E-01  0.44500E+00  0.69800E+00  0.79281E+01
  0.84933E-01 -0.18000E-01  0.44500E+00  0.69803E+00  0.79280E+01
  0.84933E-01 -0.71556E-02  0.44500E+00  0.69802E+00  0.79280E+01
  0.84933E-01 -0.84435E-03  0.44500E+00  0.69796E+00  0.79282E+01
  0.84933E-01  0.10000E-01  0.44501E+00  0.69792E+00  0.79283E+01
  0.84933E-01  0.20844E-01  0.44500E+00  0.69803E+00  0.79280E+01
  0.84933E-01  0.27156E-01  0.44499E+00  0.69818E+00  0.79275E+01
  0.84933E-01  0.38000E-01  0.44499E+00  0.69815E+00  0.79276E+01
  0.84933E-01  0.48844E-01  0.44502E+00  0.69774E+00  0.79290E+01
  0.84933E-01  0.55156E-01  0.44505E+00  0.69744E+00  0.79299E+01
  0.84933E-01  0.66000E-01  0.44502E+00  0.69777E+00  0.79289E+01
  0.84933E-01  0.76844E-01  0.44492E+00  0.69913E+00  0.79241E+01
  0.84933E-01  0.83156E-01  0.44484E+00  0.69996E+00  0.79218E+01
  0.84933E-01  0.94000E-01  0.44477E+00  0.70027E+00  0.79208E+01
  0.84933E-01  0.10484E+00  0.44490E+00  0.70004E+00  0.79205E+01
  0.84933E-01  0.11116E+00  0.44445E+00  0.70473E+00  0.79070E+01
  0.84933E-01  0.12200E+00  0.44318E+00  0.71768E+00  0.78639E+01
  0.84933E-01  0.13284E+00  0.44231E+00  0.73253E+00  0.78109E+01
  0.84933E-01  0.13916E+00  0.44010E+00  0.75703E+00  0.77348E+01
  0.84933E-01  0.15000E+00  0.43599E+00  0.79866E+00  0.76060E+01
  0.84933E-01  0.16084E+00  0.43216E+00  0.84563E+00  0.74505E+01
  0.84933E-01  0.16716E+00  0.42969E+00  0.87359E+00  0.73606E+01
  0.84933E-01  0.17800E+00  0.42505E+00  0.91988E+00  0.72221E+01
  0.84933E-01  0.18884E+00  0.42104E+00  0.96483E+00  0.70825E+01
  0.84933E-01  0.19516E+00  0.41898E+00  0.98903E+00  0.70068E+01
  0.84933E-01  0.20600E+00  0.41542E+00  0.10271E+01  0.68923E+01
  0.84933E-01  0.21684E+00  0.41218E+00  0.10604E+01  0.67936E+01
  0.84933E-01  0.22316E+00  0.41062E+00  0.10771E+01  0.67433E+01
  0.84933E-01  0.23400E+00  0.40844E+00  0.11019E+01  0.66666E+01
  0.84933E-01  0.24484E+00  0.40653E+00  0.11218E+01  0.66081E+01
  0.84933E-01  0.25116E+00  0.40556E+00  0.11314E+01  0.65807E+01
  0.84933E-01  0.26200E+00  0.40432E+00  0.11454E+01  0.65402E+01
  0.84933E-01  0.27284E+00  0.40344E+00  0.11558E+01  0.65086E+01
  0.84933E-01  0.27916E+00  0.40301E+00  0.11606E+01  0.64942E+01
  0.84933E-01  0.29000E+00  0.40224E+00  0.11675E+01  0.64738E+01
  0.84933E-01  0.30084E+00  0.40166E+00  0.11735E+01  0.64562E+01
  0.84933E-01  0.30716E+00  0.40139E+00  0.11764E+01  0.64476E+01
  0.84933E-01  0.31800E+00  0.40112E+00  0.11790E+01  0.64408E+01
  0.84933E-01  0.32884E+00  0.40114E+00  0.11787E+01  0.64426E+01
  0.84933E-01  0.33516E+00  0.40122E+00  0.11780E+01  0.64450E+01
  0.84933E-01  0.34600E+00  0.40126E+00  0.11777E+01  0.64456E+01
  0.84933E-01  0.35684E+00  0.40119E+00  0.11784E+01  0.64427E+01
  0.84933E-01  0.36316E+00  0.40106E+00  0.11796E+01  0.64386E+01
  0.84933E-01  0.37400E+00  0.40091E+00  0.11814E+01  0.64329E+01
  0.84933E-01  0.38484E+00  0.40083E+00  0.11825E+01  0.64299E+01
  0.84933E-01  0.39116E+00  0.40083E+00  0.11826E+01  0.64300E+01
  0.84933E-01  0.40200E+00  0.40080E+00  0.11830E+01  0.64296E+01
  0.84933E-01  0.41284E+00  0.40070E+00  0.11839E+01  0.64274E+01
  0.84933E-01  0.41916E+00  0.40065E+00  0.11843E+01  0.64259E+01
  0.84933E-01  0.43000E+00  0.40065E+00  0.11840E+01  0.64255E+01
  0.84933E-01  0.44084E+00  0.40072E+00  0.11830E+01  0.64284E+01
  0.84933E-01  0.44716E+00  0.40075E+00  0.11829E+01  0.64292E+01
  0.84933E-01  0.45800E+00  0.40076E+00  0.11834E+01  0.64286E+01
  0.84933E-01  0.46884E+00  0.40065E+00  0.11842E+01  0.64274E+01
  0.84933E-01  0.47516E+00  0.40062E+00  0.11844E+01  0.64269E+01
  0.84933E-01  0.48600E+00  0.40059E+00  0.11844E+01  0.64253E+01
  0.84933E-01  0.49684E+00  0.40033E+00  0.11846E+01  0.64272E+01
  0.84933E-01  0.50316E+00  0.40030E+00  0.11848E+01  0.64272E+01
  0.84933E-01  0.51400E+00  0.40062E+00  0.11853E+01  0.64214E+01
  0.84933E-01  0.52484E+00  0.40066E+00  0.11861E+01  0.64183E+01
  0.84933E-01  0.53116E+00  0.40131E+00  0.11873E+01  0.64083E+01
  0.84933E-01  0.54200E+00  0.40415E+00  0.11865E+01  0.63632E+01
  0.84933E-01  0.55284E+00  0.40704E+00  0.11847E+01  0.63269E+01
  0.84933E-01  0.55916E+00  0.41500E+00  0.11861E+01  0.62183E+01
  0.84933E-01  0.57000E+00  0.45076E+00  0.11862E+01  0.57367E+01
  0.84933E-01  0.58084E+00  0.48685E+00  0.11866E+01  0.53186E+01
  0.84933E-01  0.58716E+00  0.51531E+00  0.11863E+01  0.50357E+01
  0.84933E-01  0.59800E+00  0.57554E+00  0.11844E+01  0.45160E+01
  0.84933E-01  0.60884E+00  0.63253E+00  0.11839E+01  0.41012E+01
  0.84933E-01  0.61516E+00  0.66143E+00  0.11837E+01  0.39130E+01
  0.84933E-01  0.62600E+00  0.69805E+00  0.11844E+01  0.37024E+01
  0.84933E-01  0.63684E+00  0.72585E+00  0.11842E+01  0.35599E+01
  0.84933E-01  0.64316E+00  0.73577E+00  0.11849E+01  0.35070E+01
  0.84933E-01  0.65400E+00  0.74512E+00  0.11852E+01  0.34557E+01
  0.84933E-01  0.66484E+00  0.75439E+00  0.11840E+01  0.34141E+01
  0.84933E-01  0.67116E+00  0.75714E+00  0.11846E+01  0.33998E+01
  0.84933E-01  0.68200E+00  0.75703E+00  0.11854E+01  0.33996E+01
  0.84933E-01  0.69284E+00  0.75902E+00  0.11838E+01  0.33948E+01
  0.84933E-01  0.69916E+00  0.76029E+00  0.11839E+01  0.33865E+01
  0.84933E-01  0.71000E+00  0.76159E+00  0.11845E+01  0.33770E+01
  0.84933E-01  0.72084E+00  0.76352E+00  0.11830E+01  0.33695E+01
  0.84933E-01  0.72716E+00  0.76407E+00  0.11821E+01  0.33632E+01
  0.84933E-01  0.73800E+00  0.76284E+00  0.11765E+01  0.33496E+01
  0.84933E-01  0.74884E+00  0.76224E+00  0.11698E+01  0.33373E+01
  0.84933E-01  0.75516E+00  0.75935E+00  0.11577E+01  0.33194E+01
  0.84933E-01  0.76600E+00  0.74346E+00  0.10938E+01  0.31931E+01
  0.84933E-01  0.77684E+00  0.72809E+00  0.10265E+01  0.30451E+01
  0.84933E-01  0.78316E+00  0.71061E+00  0.93328E+00  0.28526E+01
  0.84933E-01  0.79400E+00  0.63041E+00  0.63177E+00  0.23891E+01
  0.84933E-01  0.80484E+00  0.55243E+00  0.25426E+00  0.15818E+01
  0.84933E-01  0.81116E+00  0.50667E+00  0.24575E-01  0.11881E+01
  0.84933E-01  0.82200E+00  0.50244E+00  0.91139E-02  0.11620E+01
  0.84933E-01  0.83284E+00  0.50075E+00  0.38421E-02  0.11478E+01
  0.84933E-01  0.83916E+00  0.49992E+00  0.31791E-03  0.11438E+01
  0.84933E-01  0.85000E+00  0.49998E+00  0.25633E-03  0.11424E+01
  0.84933E-01  0.86084E+00  0.50004E+00 -0.58560E-04  0.11419E+01
  0.84933E-01  0.86716E+00  0.50002E+00 -0.72587E-04  0.11420E+01
  0.84933E-01  0.87800E+00  0.49998E+00  0.52638E-04  0.11420E+01
  0.84933E-01  0.88884E+00  0.50001E+00 -0.21824E-04  0.11420E+01
  0.84933E-01  0.89516E+00  0.50001E+00 -0.25249E-04  0.11420E+01
  0.84933E-01  0.90600E+00  0.49999E+00  0.16350E-04  0.11420E+01
  0.84933E-01  0.91684E+00  0.50000E+00 -0.70971E-05  0.11420E+01
  0.84933E-01  0.92316E+00  0.50000E+00 -0.76073E-05  0.11420E+01
  0.84933E-01  0.93400E+00  0.50000E+00  0.52724E-05  0.11420E+01
  0.84933E-01  0.94484E+00  0.50000E+00 -0.18095E-05  0.11420E+01
  0.84933E-01  0.95116E+00  0.50000E+00 -0.28188E-05  0.11420E+01
  0.84933E-01  0.96200E+00  0.50000E+00  0.96872E-06  0.11420E+01
  0.84933E-01  0.97284E+00  0.50000E+00  0.44135E-06  0.11420E+01
  0.84933E-01  0.97916E+00  0.50000E+00 -0.15936E-07  0.11420E+01
  0.84933E-01  0.99000E+00  0.50000E+00  0.38622E-08  0.11420E+01
  0.84933E-01  0.10008E+01  0.50000E+00 -0.40794E-09  0.11420E+01
  0.84933E-01  0.10072E+01  0.50000E+00 -0.12997E-08  0.11420E+01
  0.84933E-01  0.10180E+01  0.50000E+00  0.83352E-13  0.11420E+01
  0.84933E-01  0.10288E+01  0.50000E+00  0.12995E-08  0.11420E+01
  0.84933E-01  0.10352E+01  0.50000E+00 -0.12995E-08  0.11420E+01
  0.84933E-01  0.10460E+01  0.50000E+00 -0.71195E-14  0.11420E+01
  0.84933E-01  0.10568E+01  0.50000E+00  0.12996E-08  0.11420E+01
  0.84933E-01  0.10632E+01  0.50000E+00 -0.12996E-08  0.11420E+01
  0.84933E-01  0.10740E+01  0.50000E+00 -0.22692E-15  0.11420E+01
  0.84933E-01  0.10848E+01  0.50000E+00  0.12996E-08  0.11420E+01
  0.84933E-01  0.10912E+01  0.50000E+00 -0.12996E-08  0.11420E+01
  0.84933E-01  0.11020E+01  0.50000E+00  0.91960E-17  0.11420E+01
  0.84933E-01  0.11128E+01  0.50000E+00  0.12996E-08  0.11420E+01
  0.84933E-01  0.11192E+01  0.50000E+00 -0.12996E-08  0.11420E+01
  0.84933E-01  0.11300E+01  0.50000E+00 -0.29687E-17  0.11420E+01
  0.84933E-01  0.11408E+01  0.50000E+00  0.12996E-08  0.11420E+01
  0.84933E-01  0.11472E+01  0.50000E+00 -0.12996E-08  0.11420E+01
  0.84933E-01  0.11580E+01  0.50000E+00 -0.65052E-18  0.11420E+01
  0.84933E-01  0.11688E+01  0.50000E+00  0.12996E-08  0.11420E+01
  0.84933E-01  0.11752E+01  0.50000E+00 -0.12996E-08  0.11420E+01
  0.84933E-01  0.11860E+01  0.50000E+00  0.44590E-17  0.11420E+01
  0.84933E-01  0.11968E+01  0.50000E+00  0.12996E-08  0.11420E+01
  0.10004E+00 -0.19684E+00  0.44500E+00  0.69800E+00  0.79281E+01
  0.10004E+00 -0.18600E+00  0.44500E+00  0.69800E+00  0.79281E+01
  0.10004E+00 -0.17516E+00  0.44500E+00  0.69800E+00  0.79281E+01
  0.10004E+00 -0.16884E+00  0.44500E+00  0.69800E+00  0.79281E+01
  0.10004E+00 -0.15800E+00  0.44500E+00  0.69800E+00  0.79281E+01
  0.10004E+00 -0.14716E+00  0.44500E+00  0.69800E+00  0.79281E+01
  0.10004E+00 -0.14084E+00  0.44500E+00  0.69800E+00  0.79281E+01
  0.10004E+00 -0.13000E+00  0.44500E+00  0.69800E+00  0.79281E+01
  0.10004E+00 -0.11916E+00  0.44500E+00  0.69800E+00  0.79281E+01
  0.10004E+00 -0.11284E+00  0.44500E+00  0.69799E+00  0.79281E+01
  0.10004E+00 -0.10200E+00  0.44500E+00  0.69799E+00  0.79282E+01
  0.10004E+00 -0.91156E-01  0.44500E+00  0.69801E+00  0.79281E+01
  0.10004E+00 -0.84844E-01  0.44500E+00  0.69804E+00  0.79280E+01
  0.10004E+00 -0.74000E-01  0.44500E+00  0.69802E+00  0.79280E+01
  0.10004E+00 -0.63156E-01  0.44501E+00  0.69793E+00  0.79283E+01
  0.10004E+00 -0.56844E-01  0.44501E+00  0.69790E+00  0.79284E+01
  0.10004E+00 -0.46000E-01  0.44500E+00  0.69800E+00  0.79281E+01
  0.10004E+00 -0.35156E-01  0.44498E+00  0.69824E+00  0.79273E+01
  0.10004E+00 -0.28844E-01  0.44498E+00  0.69822E+00  0.79274E+01
  0.10004E+00 -0.18000E-01  0.44501E+00  0.69785E+00  0.79286E+01
  0.10004E+00 -0.71556E-02  0.44506E+00  0.69730E+00  0.79304E+01
  0.10004E+00 -0.84435E-03  0.44505E+00  0.69752E+00  0.79296E+01
  0.10004E+00  0.10000E-01  0.44495E+00  0.69865E+00  0.79260E+01
  0.10004E+00  0.20844E-01  0.44481E+00  0.70041E+00  0.79199E+01
  0.10004E+00  0.27156E-01  0.44478E+00  0.70060E+00  0.79198E+01
  0.10004E+00  0.38000E-01  0.44476E+00  0.70019E+00  0.79212E+01
  0.10004E+00  0.48844E-01  0.44480E+00  0.70175E+00  0.79141E+01
  0.10004E+00  0.55156E-01  0.44397E+00  0.71080E+00  0.78868E+01
  0.10004E+00  0.66000E-01  0.44233E+00  0.72717E+00  0.78339E+01
  0.10004E+00  0.76844E-01  0.44076E+00  0.74965E+00  0.77550E+01
  0.10004E+00  0.83156E-01  0.43865E+00  0.77338E+00  0.76806E+01
  0.10004E+00  0.94000E-01  0.43459E+00  0.81433E+00  0.75563E+01
  0.10004E+00  0.10484E+00  0.43103E+00  0.85679E+00  0.74170E+01
  0.10004E+00  0.11116E+00  0.42890E+00  0.88115E+00  0.73382E+01
  0.10004E+00  0.12200E+00  0.42488E+00  0.92207E+00  0.72150E+01
  0.10004E+00  0.13284E+00  0.42124E+00  0.96197E+00  0.70917E+01
  0.10004E+00  0.13916E+00  0.41932E+00  0.98377E+00  0.70233E+01
  0.10004E+00  0.15000E+00  0.41613E+00  0.10189E+01  0.69167E+01
  0.10004E+00  0.16084E+00  0.41312E+00  0.10506E+01  0.68230E+01
  0.10004E+00  0.16716E+00  0.41158E+00  0.10669E+01  0.67741E+01
  0.10004E+00  0.17800E+00  0.40935E+00  0.10918E+01  0.66976E+01
  0.10004E+00  0.18884E+00  0.40738E+00  0.11125E+01  0.66359E+01
  0.10004E+00  0.19516E+00  0.40638E+00  0.11228E+01  0.66062E+01
  0.10004E+00  0.20600E+00  0.40499E+00  0.11379E+01  0.65616E+01
  0.10004E+00  0.21684E+00  0.40394E+00  0.11498E+01  0.65265E+01
  0.10004E+00  0.22316E+00  0.40343E+00  0.11552E+01  0.65111E+01
  0.10004E+00  0.23400E+00  0.40263E+00  0.11630E+01  0.64890E+01
  0.10004E+00  0.24484E+00  0.40205E+00  0.11695E+01  0.64689E+01
  0.10004E+00  0.25116E+00  0.40171E+00  0.11733E+01  0.64569E+01
  0.10004E+00  0.26200E+00  0.40126E+00  0.11778E+01  0.64440E+01
  0.10004E+00  0.27284E+00  0.40110E+00  0.11791E+01  0.64408E+01
  0.10004E+00  0.27916E+00  0.40116E+00  0.11786E+01  0.64426E+01
  0.10004E+00  0.29000E+00  0.40128E+00  0.11779E+01  0.64443E+01
  0.10004E+00  0.30084E+00  0.40131E+00  0.11777E+01  0.64443E+01
  0.10004E+00  0.30716E+00  0.40122E+00  0.11785E+01  0.64418E+01
  0.10004E+00  0.31800E+00  0.40102E+00  0.11802E+01  0.64368E+01
  0.10004E+00  0.32884E+00  0.40085E+00  0.11818E+01  0.64322E+01
  0.10004E+00  0.33516E+00  0.40082E+00  0.11823E+01  0.64311E+01
  0.10004E+00  0.34600E+00  0.40078E+00  0.11828E+01  0.64304E+01
  0.10004E+00  0.35684E+00  0.40075E+00  0.11834E+01  0.64293E+01
  0.10004E+00  0.36316E+00  0.40070E+00  0.11839E+01  0.64277E+01
  0.10004E+00  0.37400E+00  0.40065E+00  0.11841E+01  0.64258E+01
  0.10004E+00  0.38484E+00  0.40067E+00  0.11837E+01  0.64265E+01
  0.10004E+00  0.39116E+00  0.40071E+00  0.11832E+01  0.64277E+01
  0.10004E+00  0.40200E+00  0.40077E+00  0.11830E+01  0.64285E+01
  0.10004E+00  0.41284E+00  0.40075E+00  0.11835E+01  0.64278E+01
  0.10004E+00  0.41916E+00  0.40071E+00  0.11840E+01  0.64269E+01
  0.10004E+00  0.43000E+00  0.40066E+00  0.11845E+01  0.64255E+01
  0.10004E+00  0.44084E+00  0.40060E+00  0.11846E+01  0.64247E+01
  0.10004E+00  0.44716E+00  0.40059E+00  0.11846E+01  0.64241E+01
  0.10004E+00  0.45800E+00  0.40058E+00  0.11849E+01  0.64225E+01
  0.10004E+00  0.46884E+00  0.40051E+00  0.11856E+01  0.64214E+01
  0.10004E+00  0.47516E+00  0.40046E+00  0.11862E+01  0.64205E+01
  0.10004E+00  0.48600E+00  0.40047E+00  0.11865E+01  0.64197E+01
  0.10004E+00  0.49684E+00  0.40043E+00  0.11860E+01  0.64222E+01
  0.10004E+00  0.50316E+00  0.40042E+00  0.11854E+01  0.64243E+01
  0.10004E+00  0.51400E+00  0.40045E+00  0.11848E+01  0.64252E+01
  0.10004E+00  0.52484E+00  0.40042E+00  0.11849E+01  0.64252E+01
  0.10004E+00  0.53116E+00  0.40055E+00  0.11853E+01  0.64235E+01
  0.10004E+00  0.54200E+00  0.40113E+00  0.11851E+01  0.64143E+01
  0.10004E+00  0.55284E+00  0.40159E+00  0.11849E+01  0.64102E+01
  0.10004E+00  0.55916E+00  0.40492E+00  0.11860E+01  0.63619E+01
  0.10004E+00  0.57000E+00  0.41775E+00  0.11860E+01  0.61682E+01
  0.10004E+00  0.58084E+00  0.43072E+00  0.11857E+01  0.59866E+01
  0.10004E+00  0.58716E+00  0.44362E+00  0.11861E+01  0.58222E+01
  0.10004E+00  0.59800E+00  0.48376E+00  0.11858E+01  0.53567E+01
  0.10004E+00  0.60884E+00  0.53567E+00  0.11853E+01  0.48485E+01
  0.10004E+00  0.61516E+00  0.57051E+00  0.11849E+01  0.45538E+01
  0.10004E+00  0.62600E+00  0.62600E+00  0.11843E+01  0.41443E+01
  0.10004E+00  0.63684E+00  0.67318E+00  0.11838E+01  0.38465E+01
  0.10004E+00  0.64316E+00  0.69441E+00  0.11838E+01  0.37227E+01
  0.10004E+00  0.65400E+00  0.71961E+00  0.11843E+01  0.35881E+01
  0.10004E+00  0.66484E+00  0.73859E+00  0.11838E+01  0.34946E+01
  0.10004E+00  0.67116E+00  0.74518E+00  0.11842E+01  0.34588E+01
  0.10004E+00  0.68200E+00  0.75136E+00  0.11845E+01  0.34252E+01
  0.10004E+00  0.69284E+00  0.75792E+00  0.11838E+01  0.33991E+01
  0.10004E+00  0.69916E+00  0.75983E+00  0.11846E+01  0.33910E+01
  0.10004E+00  0.71000E+00  0.75950E+00  0.11852E+01  0.33904E+01
  0.10004E+00  0.72084E+00  0.76070E+00  0.11842E+01  0.33853E+01
  0.10004E+00  0.72716E+00  0.76171E+00  0.11842E+01  0.33791E+01
  0.10004E+00  0.73800E+00  0.76327E+00  0.11847E+01  0.33720E+01
  0.10004E+00  0.74884E+00  0.76505E+00  0.11843E+01  0.33672E+01
  0.10004E+00  0.75516E+00  0.76579E+00  0.11844E+01  0.33644E+01
  0.10004E+00  0.76600E+00  0.76611E+00  0.11843E+01  0.33594E+01
  0.10004E+00  0.77684E+00  0.76653E+00  0.11831E+01  0.33524E+01
  0.10004E+00  0.78316E+00  0.76668E+00  0.11815E+01  0.33484E+01
  0.10004E+00  0.79400E+00  0.76438E+00  0.11720E+01  0.33298E+01
  0.10004E+00  0.80484E+00  0.76269E+00  0.11622E+01  0.33094E+01
  0.10004E+00  0.81116E+00  0.75854E+00  0.11439E+01  0.32936E+01
  0.10004E+00  0.82200E+00  0.73360E+00  0.10518E+01  0.31242E+01
  0.10004E+00  0.83284E+00  0.70824E+00  0.95104E+00  0.29055E+01
  0.10004E+00  0.83916E+00  0.67268E+00  0.76509E+00  0.25260E+01
  0.10004E+00  0.85000E+00  0.59978E+00  0.48679E+00  0.21159E+01
  0.10004E+00  0.86084E+00  0.52806E+00  0.14798E+00  0.14360E+01
  0.10004E+00  0.86716E+00  0.50069E+00  0.39159E-02  0.11631E+01
  0.10004E+00  0.87800E+00  0.50004E+00  0.21562E-02  0.11536E+01
  0.10004E+00  0.88884E+00  0.50002E+00  0.77734E-03  0.11446E+01
  0.10004E+00  0.89516E+00  0.49996E+00  0.27148E-04  0.11433E+01
  0.10004E+00  0.90600E+00  0.49996E+00  0.16146E-03  0.11420E+01
  0.10004E+00  0.91684E+00  0.50003E+00 -0.54832E-04  0.11420E+01
  0.10004E+00  0.92316E+00  0.50002E+00 -0.38405E-04  0.11421E+01
  0.10004E+00  0.93400E+00  0.49998E+00  0.35849E-04  0.11420E+01
  0.10004E+00  0.94484E+00  0.50000E+00 -0.20822E-04  0.11420E+01
  0.10004E+00  0.95116E+00  0.50001E+00 -0.11448E-04  0.11420E+01
  0.10004E+00  0.96200E+00  0.50000E+00  0.11639E-04  0.11420E+01
  0.10004E+00  0.97284E+00  0.50000E+00 -0.69088E-05  0.11420E+01
  0.10004E+00  0.97916E+00  0.50000E+00 -0.50362E-05  0.11420E+01
  0.10004E+00  0.99000E+00  0.50000E+00  0.33598E-05  0.11420E+01
  0.10004E+00  0.10008E+01  0.50000E+00 -0.13480E-05  0.11420E+01
  0.10004E+00  0.10072E+01  0.50000E+00 -0.16407E-05  0.11420E+01
  0.10004E+00  0.10180E+01  0.50000E+00  0.49442E-06  0.11420E+01
  0.10004E+00  0.10288E+01  0.50000E+00  0.12701E-06  0.11420E+01
  0.10004E+00  0.10352E+01  0.50000E+00 -0.24385E-07  0.11420E+01
  0.10004E+00  0.10460E+01  0.50000E+00  0.64008E-08  0.11420E+01
  0.10004E+00  0.10568E+01  0.50000E+00 -0.15455E-08  0.11420E+01
  0.10004E+00  0.10632E+01  0.50000E+00 -0.12991E-08  0.11420E+01
  0.10004E+00  0.10740E+01  0.50000E+00 -0.22477E-12  0.11420E+01
  0.10004E+00  0.10848E+01  0.50000E+00  0.12997E-08  0.11420E+01
  0.10004E+00  0.10912E+01  0.50000E+00 -0.12996E-08  0.11420E+01
  0.10004E+00  0.11020E+01  0.50000E+00  0.43206E-14  0.11420E+01
  0.10004E+00  0.11128E+01  0.50000E+00  0.12996E-08  0.11420E+01
  0.10004E+00  0.11192E+01  0.50000E+00 -0.12996E-08  0.11420E+01
  0.10004E+00  0.11300E+01  0.50000E+00  0.17189E-15  0.11420E+01
  0.10004E+00  0.11408E+01  0.50000E+00  0.12996E-08  0.11420E+01
  0.10004E+00  0.11472E+01  0.50000E+00 -0.12996E-08  0.11420E+01
  0.10004E+00  0.11580E+01  0.50000E+00  0.34903E-16  0.11420E+01
  0.10004E+00  0.11688E+01  0.50000E+00  0.12996E-08  0.11420E+01
  0.10004E+00  0.11752E+01  0.50000E+00 -0.12996E-08  0.11420E+01
  0.10004E+00  0.11860E+01  0.50000E+00  0.11496E-16  0.11420E+01
  0.10004E+00  0.11968E+01  0.50000E+00  0.12996E-08  0.11420E+01
