  0.17055E-01 -0.19684E+00  0.10000E+01  0.48296E-17  0.10000E+01
  0.17055E-01 -0.18600E+00  0.10000E+01 -0.74538E-18  0.10000E+01
  0.17055E-01 -0.17516E+00  0.10000E+01 -0.91186E-18  0.10000E+01
  0.17055E-01 -0.16884E+00  0.10000E+01  0.48296E-17  0.10000E+01
  0.17055E-01 -0.15800E+00  0.10000E+01 -0.74538E-18  0.10000E+01
  0.17055E-01 -0.14716E+00  0.10000E+01 -0.91186E-18  0.10000E+01
  0.17055E-01 -0.14084E+00  0.10000E+01  0.48296E-17  0.10000E+01
  0.17055E-01 -0.13000E+00  0.10000E+01 -0.74538E-18  0.10000E+01
  0.17055E-01 -0.11916E+00  0.10000E+01 -0.91186E-18  0.10000E+01
  0.17055E-01 -0.11284E+00  0.10000E+01  0.48296E-17  0.10000E+01
  0.17055E-01 -0.10200E+00  0.10000E+01 -0.74538E-18  0.10000E+01
  0.17055E-01 -0.91156E-01  0.10000E+01 -0.91185E-18  0.10000E+01
  0.17055E-01 -0.84844E-01  0.10000E+01  0.48296E-17  0.10000E+01
  0.17055E-01 -0.74000E-01  0.10000E+01 -0.74539E-18  0.10000E+01
  0.17055E-01 -0.63156E-01  0.10000E+01 -0.91181E-18  0.10000E+01
  0.17055E-01 -0.56844E-01  0.10000E+01  0.48295E-17  0.10000E+01
  0.17055E-01 -0.46000E-01  0.10000E+01 -0.74546E-18  0.10000E+01
  0.17055E-01 -0.35156E-01  0.10000E+01 -0.91156E-18  0.10000E+01
  0.17055E-01 -0.28844E-01  0.10000E+01  0.48295E-17  0.10000E+01
  0.17055E-01 -0.18000E-01  0.10000E+01 -0.74590E-18  0.10000E+01
  0.17055E-01 -0.71556E-02  0.10000E+01 -0.91060E-18  0.10000E+01
  0.17055E-01 -0.84435E-03  0.10000E+01  0.72532E-17  0.10000E+01
  0.17055E-01  0.10000E-01  0.10000E+01 -0.45345E-17  0.10000E+01
  0.17055E-01  0.20844E-01  0.10000E+01  0.11205E-16  0.10000E+01
  0.17055E-01  0.27156E-01  0.10000E+01  0.30117E-15  0.10000E+01
  0.17055E-01  0.38000E-01  0.10000E+01  0.30182E-15  0.10000E+01
  0.17055E-01  0.48844E-01  0.10000E+01 -0.76685E-15  0.10000E+01
  0.17055E-01  0.55156E-01  0.10000E+01  0.60631E-15  0.10000E+01
  0.17055E-01  0.66000E-01  0.10000E+01  0.56151E-15  0.10000E+01
  0.17055E-01  0.76844E-01  0.10000E+01 -0.44319E-14  0.10000E+01
  0.17055E-01  0.83156E-01  0.10000E+01  0.96256E-15  0.10000E+01
  0.17055E-01  0.94000E-01  0.10000E+01  0.62483E-14  0.10000E+01
  0.17055E-01  0.10484E+00  0.10000E+01 -0.21555E-13  0.10000E+01
  0.17055E-01  0.11116E+00  0.10000E+01 -0.23356E-14  0.10000E+01
  0.17055E-01  0.12200E+00  0.10000E+01  0.45842E-13  0.10000E+01
  0.17055E-01  0.13284E+00  0.10000E+01 -0.95214E-13  0.10000E+01
  0.17055E-01  0.13916E+00  0.10000E+01 -0.95504E-13  0.10000E+01
  0.17055E-01  0.15000E+00  0.10000E+01  0.26220E-12  0.10000E+01
  0.17055E-01  0.16084E+00  0.10000E+01 -0.19351E-12  0.10000E+01
  0.17055E-01  0.16716E+00  0.10000E+01 -0.86987E-12  0.10000E+01
  0.17055E-01  0.17800E+00  0.10000E+01  0.11436E-11  0.10000E+01
  0.17055E-01  0.18884E+00  0.10000E+01  0.10632E-11  0.10000E+01
  0.17055E-01  0.19516E+00  0.10000E+01 -0.56254E-11  0.10000E+01
  0.17055E-01  0.20600E+00  0.10000E+01  0.35828E-11  0.10000E+01
  0.17055E-01  0.21684E+00  0.10000E+01  0.15509E-10  0.10000E+01
  0.17055E-01  0.22316E+00  0.10000E+01 -0.32715E-10  0.10000E+01
  0.17055E-01  0.23400E+00  0.10000E+01  0.10876E-10  0.10000E+01
  0.17055E-01  0.24484E+00  0.10000E+01  0.12898E-09  0.10000E+01
  0.17055E-01  0.25116E+00  0.10000E+01 -0.23364E-09  0.10000E+01
  0.17055E-01  0.26200E+00  0.10000E+01  0.74990E-10  0.10000E+01
  0.17055E-01  0.27284E+00  0.10000E+01  0.11326E-08  0.10000E+01
  0.17055E-01  0.27916E+00  0.10000E+01 -0.21526E-08  0.10000E+01
  0.17055E-01  0.29000E+00  0.10000E+01  0.33904E-09  0.10000E+01
  0.17055E-01  0.30084E+00  0.10000E+01  0.97627E-08  0.10000E+01
  0.17055E-01  0.30716E+00  0.10000E+01 -0.14938E-07  0.10000E+01
  0.17055E-01  0.31800E+00  0.10000E+01 -0.55289E-08  0.10000E+01
  0.17055E-01  0.32884E+00  0.10000E+01  0.33077E-07  0.10000E+01
  0.17055E-01  0.33516E+00  0.10000E+01 -0.44037E-08  0.10000E+01
  0.17055E-01  0.34600E+00  0.10000E+01 -0.69473E-07  0.10000E+01
  0.17055E-01  0.35684E+00  0.10000E+01 -0.93743E-06  0.10000E+01
  0.17055E-01  0.36316E+00  0.10000E+01  0.14465E-05  0.10000E+01
  0.17055E-01  0.37400E+00  0.10000E+01  0.17213E-05  0.10000E+01
  0.17055E-01  0.38484E+00  0.10000E+01 -0.20511E-04  0.99998E+00
  0.17055E-01  0.39116E+00  0.99998E+00  0.14613E-04  0.99998E+00
  0.17055E-01  0.40200E+00  0.99994E+00  0.57988E-04  0.99999E+00
  0.17055E-01  0.41284E+00  0.10003E+01 -0.13917E-03  0.99965E+00
  0.17055E-01  0.41916E+00  0.10007E+01 -0.56066E-04  0.99902E+00
  0.17055E-01  0.43000E+00  0.10000E+01  0.56480E-03  0.99756E+00
  0.17055E-01  0.44084E+00  0.99935E+00  0.75761E-03  0.99524E+00
  0.17055E-01  0.44716E+00  0.99066E+00  0.98641E-02  0.98203E+00
  0.17055E-01  0.45800E+00  0.96592E+00  0.49545E-01  0.93901E+00
  0.17055E-01  0.46884E+00  0.93907E+00  0.94636E-01  0.88938E+00
  0.17055E-01  0.47516E+00  0.85044E+00  0.19166E+00  0.84468E+00
  0.17055E-01  0.48600E+00  0.74085E+00  0.30932E+00  0.78112E+00
  0.17055E-01  0.49684E+00  0.63221E+00  0.46551E+00  0.65467E+00
  0.17055E-01  0.50316E+00  0.54622E+00  0.53315E+00  0.64660E+00
  0.17055E-01  0.51400E+00  0.38856E+00  0.55042E+00  0.80462E+00
  0.17055E-01  0.52484E+00  0.24119E+00  0.58840E+00  0.11241E+01
  0.17055E-01  0.53116E+00  0.17367E+00  0.54344E+00  0.13691E+01
  0.17055E-01  0.54200E+00  0.15169E+00  0.34822E+00  0.12432E+01
  0.17055E-01  0.55284E+00  0.13237E+00  0.12085E+00  0.10020E+01
  0.17055E-01  0.55916E+00  0.12456E+00  0.96072E-02  0.85321E+00
  0.17055E-01  0.57000E+00  0.12455E+00  0.58613E-02  0.82647E+00
  0.17055E-01  0.58084E+00  0.12489E+00  0.16509E-02  0.80664E+00
  0.17055E-01  0.58716E+00  0.12489E+00 -0.10321E-02  0.80154E+00
  0.17055E-01  0.59800E+00  0.12497E+00  0.39932E-03  0.80029E+00
  0.17055E-01  0.60884E+00  0.12504E+00  0.13574E-03  0.80028E+00
  0.17055E-01  0.61516E+00  0.12500E+00 -0.14803E-03  0.80002E+00
  0.17055E-01  0.62600E+00  0.12499E+00  0.10648E-04  0.79995E+00
  0.17055E-01  0.63684E+00  0.12500E+00  0.75135E-05  0.80003E+00
  0.17055E-01  0.64316E+00  0.12500E+00 -0.59272E-05  0.80002E+00
  0.17055E-01  0.65400E+00  0.12500E+00 -0.24195E-06  0.79999E+00
  0.17055E-01  0.66484E+00  0.12500E+00 -0.79299E-06  0.80000E+00
  0.17055E-01  0.67116E+00  0.12500E+00  0.64519E-06  0.80000E+00
  0.17055E-01  0.68200E+00  0.12500E+00 -0.89328E-07  0.80000E+00
  0.17055E-01  0.69284E+00  0.12500E+00 -0.19887E-06  0.80000E+00
  0.17055E-01  0.69916E+00  0.12500E+00  0.16180E-06  0.80000E+00
  0.17055E-01  0.71000E+00  0.12500E+00 -0.15789E-07  0.80000E+00
  0.17055E-01  0.72084E+00  0.12500E+00 -0.22679E-07  0.80000E+00
  0.17055E-01  0.72716E+00  0.12500E+00  0.23034E-07  0.80000E+00
  0.17055E-01  0.73800E+00  0.12500E+00 -0.31927E-08  0.80000E+00
  0.17055E-01  0.74884E+00  0.12500E+00 -0.19109E-08  0.80000E+00
  0.17055E-01  0.75516E+00  0.12500E+00  0.30990E-08  0.80000E+00
  0.17055E-01  0.76600E+00  0.12500E+00 -0.55910E-09  0.80000E+00
  0.17055E-01  0.77684E+00  0.12500E+00 -0.20700E-09  0.80000E+00
  0.17055E-01  0.78316E+00  0.12500E+00  0.43068E-09  0.80000E+00
  0.17055E-01  0.79400E+00  0.12500E+00 -0.69161E-10  0.80000E+00
  0.17055E-01  0.80484E+00  0.12500E+00 -0.40272E-10  0.80000E+00
  0.17055E-01  0.81116E+00  0.12500E+00  0.55644E-10  0.80000E+00
  0.17055E-01  0.82200E+00  0.12500E+00 -0.39123E-11  0.80000E+00
  0.17055E-01  0.83284E+00  0.12500E+00 -0.82146E-11  0.80000E+00
  0.17055E-01  0.83916E+00  0.12500E+00  0.55854E-11  0.80000E+00
  0.17055E-01  0.85000E+00  0.12500E+00  0.67195E-12  0.80000E+00
  0.17055E-01  0.86084E+00  0.12500E+00 -0.13391E-11  0.80000E+00
  0.17055E-01  0.86716E+00  0.12500E+00  0.23717E-12  0.80000E+00
  0.17055E-01  0.87800E+00  0.12500E+00  0.26366E-12  0.80000E+00
  0.17055E-01  0.88884E+00  0.12500E+00 -0.16487E-12  0.80000E+00
  0.17055E-01  0.89516E+00  0.12500E+00 -0.62829E-13  0.80000E+00
  0.17055E-01  0.90600E+00  0.12500E+00  0.52628E-13  0.80000E+00
  0.17055E-01  0.91684E+00  0.12500E+00 -0.12236E-13  0.80000E+00
  0.17055E-01  0.92316E+00  0.12500E+00 -0.21308E-13  0.80000E+00
  0.17055E-01  0.93400E+00  0.12500E+00  0.76998E-14  0.80000E+00
  0.17055E-01  0.94484E+00  0.12500E+00  0.76352E-16  0.80000E+00
  0.17055E-01  0.95116E+00  0.12500E+00 -0.44349E-14  0.80000E+00
  0.17055E-01  0.96200E+00  0.12500E+00  0.80244E-15  0.80000E+00
  0.17055E-01  0.97284E+00  0.12500E+00  0.56825E-15  0.80000E+00
  0.17055E-01  0.97916E+00  0.12500E+00 -0.35003E-15  0.80000E+00
  0.17055E-01  0.99000E+00  0.12500E+00  0.31285E-16  0.80000E+00
  0.17055E-01  0.10008E+01  0.12500E+00  0.23355E-15  0.80000E+00
  0.17055E-01  0.10072E+01  0.12500E+00  0.18167E-16  0.80000E+00
  0.17055E-01  0.10180E+01  0.12500E+00 -0.51094E-17  0.80000E+00
  0.17055E-01  0.10288E+01  0.12500E+00  0.26493E-17  0.80000E+00
  0.17055E-01  0.10352E+01  0.12500E+00  0.24216E-17  0.80000E+00
  0.17055E-01  0.10460E+01  0.12500E+00 -0.75632E-18  0.80000E+00
  0.17055E-01  0.10568E+01  0.12500E+00  0.90803E-18  0.80000E+00
  0.17055E-01  0.10632E+01  0.12500E+00  0.24215E-17  0.80000E+00
  0.17055E-01  0.10740E+01  0.12500E+00 -0.75624E-18  0.80000E+00
  0.17055E-01  0.10848E+01  0.12500E+00  0.90799E-18  0.80000E+00
  0.17055E-01  0.10912E+01  0.12500E+00  0.24215E-17  0.80000E+00
  0.17055E-01  0.11020E+01  0.12500E+00 -0.75623E-18  0.80000E+00
  0.17055E-01  0.11128E+01  0.12500E+00  0.90799E-18  0.80000E+00
  0.17055E-01  0.11192E+01  0.12500E+00  0.24215E-17  0.80000E+00
  0.17055E-01  0.11300E+01  0.12500E+00 -0.75623E-18  0.80000E+00
  0.17055E-01  0.11408E+01  0.12500E+00  0.90799E-18  0.80000E+00
  0.17055E-01  0.11472E+01  0.12500E+00  0.24215E-17  0.80000E+00
  0.17055E-01  0.11580E+01  0.12500E+00 -0.75623E-18  0.80000E+00
  0.17055E-01  0.11688E+01  0.12500E+00  0.90799E-18  0.80000E+00
  0.17055E-01  0.11752E+01  0.12500E+00  0.24215E-17  0.80000E+00
  0.17055E-01  0.11860E+01  0.12500E+00 -0.75623E-18  0.80000E+00
  0.17055E-01  0.11968E+01  0.12500E+00  0.90799E-18  0.80000E+00
  0.34024E-01 -0.19684E+00  0.10000E+01  0.48262E-17  0.10000E+01
  0.34024E-01 -0.18600E+00  0.10000E+01 -0.74239E-18  0.10000E+01
  0.34024E-01 -0.17516E+00  0.10000E+01 -0.91330E-18  0.10000E+01
  0.34024E-01 -0.16884E+00  0.10000E+01  0.48262E-17  0.10000E+01
  0.34024E-01 -0.15800E+00  0.10000E+01 -0.74234E-18  0.10000E+01
  0.34024E-01 -0.14716E+00  0.10000E+01 -0.91330E-18  0.10000E+01
  0.34024E-01 -0.14084E+00  0.10000E+01  0.48260E-17  0.10000E+01
  0.34024E-01 -0.13000E+00  0.10000E+01 -0.74217E-18  0.10000E+01
  0.34024E-01 -0.11916E+00  0.10000E+01 -0.91288E-18  0.10000E+01
  0.34024E-01 -0.11284E+00  0.10000E+01  0.72472E-17  0.10000E+01
  0.34024E-01 -0.10200E+00  0.10000E+01 -0.14990E-17  0.10000E+01
  0.34024E-01 -0.91156E-01  0.10000E+01  0.15120E-17  0.10000E+01
  0.34024E-01 -0.84844E-01  0.10000E+01  0.66408E-17  0.10000E+01
  0.34024E-01 -0.74000E-01  0.10000E+01 -0.35865E-17  0.10000E+01
  0.34024E-01 -0.63156E-01  0.10000E+01  0.27565E-16  0.10000E+01
  0.34024E-01 -0.56844E-01  0.10000E+01  0.38918E-15  0.10000E+01
  0.34024E-01 -0.46000E-01  0.10000E+01  0.12903E-15  0.10000E+01
  0.34024E-01 -0.35156E-01  0.10000E+01 -0.65150E-15  0.10000E+01
  0.34024E-01 -0.28844E-01  0.10000E+01  0.22258E-15  0.10000E+01
  0.34024E-01 -0.18000E-01  0.10000E+01 -0.10063E-15  0.10000E+01
  0.34024E-01 -0.71556E-02  0.10000E+01 -0.40957E-14  0.10000E+01
  0.34024E-01 -0.84435E-03  0.10000E+01 -0.88107E-15  0.10000E+01
  0.34024E-01  0.10000E-01  0.10000E+01  0.62296E-14  0.10000E+01
  0.34024E-01  0.20844E-01  0.10000E+01 -0.36510E-14  0.10000E+01
  0.34024E-01  0.27156E-01  0.10000E+01 -0.17746E-13  0.10000E+01
  0.34024E-01  0.38000E-01  0.10000E+01  0.10745E-13  0.10000E+01
  0.34024E-01  0.48844E-01  0.10000E+01  0.52189E-13  0.10000E+01
  0.34024E-01  0.55156E-01  0.10000E+01 -0.64975E-13  0.10000E+01
  0.34024E-01  0.66000E-01  0.10000E+01 -0.76922E-13  0.10000E+01
  0.34024E-01  0.76844E-01  0.10000E+01  0.32743E-12  0.10000E+01
  0.34024E-01  0.83156E-01  0.10000E+01  0.10914E-12  0.10000E+01
  0.34024E-01  0.94000E-01  0.10000E+01 -0.62135E-12  0.10000E+01
  0.34024E-01  0.10484E+00  0.10000E+01  0.39959E-12  0.10000E+01
  0.34024E-01  0.11116E+00  0.10000E+01  0.17807E-11  0.10000E+01
  0.34024E-01  0.12200E+00  0.10000E+01 -0.12228E-11  0.10000E+01
  0.34024E-01  0.13284E+00  0.10000E+01 -0.32525E-11  0.10000E+01
  0.34024E-01  0.13916E+00  0.10000E+01  0.42260E-11  0.10000E+01
  0.34024E-01  0.15000E+00  0.10000E+01  0.43850E-11  0.10000E+01
  0.34024E-01  0.16084E+00  0.10000E+01 -0.91893E-11  0.10000E+01
  0.34024E-01  0.16716E+00  0.10000E+01 -0.16793E-10  0.10000E+01
  0.34024E-01  0.17800E+00  0.10000E+01  0.23880E-10  0.10000E+01
  0.34024E-01  0.18884E+00  0.10000E+01  0.17580E-10  0.10000E+01
  0.34024E-01  0.19516E+00  0.10000E+01 -0.12869E-09  0.10000E+01
  0.34024E-01  0.20600E+00  0.10000E+01  0.14318E-09  0.10000E+01
  0.34024E-01  0.21684E+00  0.10000E+01 -0.40657E-09  0.10000E+01
  0.34024E-01  0.22316E+00  0.10000E+01 -0.82508E-09  0.10000E+01
  0.34024E-01  0.23400E+00  0.10000E+01  0.25191E-08  0.10000E+01
  0.34024E-01  0.24484E+00  0.10000E+01 -0.78955E-08  0.10000E+01
  0.34024E-01  0.25116E+00  0.10000E+01 -0.71310E-08  0.10000E+01
  0.34024E-01  0.26200E+00  0.10000E+01  0.25907E-07  0.10000E+01
  0.34024E-01  0.27284E+00  0.10000E+01 -0.96496E-07  0.10000E+01
  0.34024E-01  0.27916E+00  0.10000E+01 -0.19034E-07  0.10000E+01
  0.34024E-01  0.29000E+00  0.10000E+01  0.25285E-06  0.10000E+01
  0.34024E-01  0.30084E+00  0.10000E+01 -0.10940E-05  0.10000E+01
  0.34024E-01  0.30716E+00  0.10000E+01 -0.98528E-08  0.10000E+01
  0.34024E-01  0.31800E+00  0.10000E+01  0.29412E-05  0.10000E+01
  0.34024E-01  0.32884E+00  0.10000E+01 -0.82427E-05  0.10000E+01
  0.34024E-01  0.33516E+00  0.99999E+00 -0.15834E-05  0.99999E+00
  0.34024E-01  0.34600E+00  0.10000E+01  0.31930E-04  0.99997E+00
  0.34024E-01  0.35684E+00  0.10000E+01 -0.24228E-04  0.99987E+00
  0.34024E-01  0.36316E+00  0.10001E+01  0.63447E-04  0.99967E+00
  0.34024E-01  0.37400E+00  0.10004E+01  0.39189E-03  0.99874E+00
  0.34024E-01  0.38484E+00  0.10006E+01  0.26782E-03  0.99743E+00
  0.34024E-01  0.39116E+00  0.10022E+01  0.10600E-02  0.99432E+00
  0.34024E-01  0.40200E+00  0.99961E+00  0.34022E-02  0.98875E+00
  0.34024E-01  0.41284E+00  0.99667E+00  0.61852E-02  0.98252E+00
  0.34024E-01  0.41916E+00  0.98620E+00  0.20556E-01  0.96120E+00
  0.34024E-01  0.43000E+00  0.96543E+00  0.54341E-01  0.92287E+00
  0.34024E-01  0.44084E+00  0.93827E+00  0.10234E+00  0.87059E+00
  0.34024E-01  0.44716E+00  0.89814E+00  0.15008E+00  0.84409E+00
  0.34024E-01  0.45800E+00  0.84785E+00  0.22753E+00  0.77812E+00
  0.34024E-01  0.46884E+00  0.80375E+00  0.30141E+00  0.70564E+00
  0.34024E-01  0.47516E+00  0.75325E+00  0.36205E+00  0.69440E+00
  0.34024E-01  0.48600E+00  0.69337E+00  0.44858E+00  0.63481E+00
  0.34024E-01  0.49684E+00  0.63486E+00  0.54929E+00  0.54502E+00
  0.34024E-01  0.50316E+00  0.59837E+00  0.58075E+00  0.55890E+00
  0.34024E-01  0.51400E+00  0.47762E+00  0.61434E+00  0.64445E+00
  0.34024E-01  0.52484E+00  0.35597E+00  0.67060E+00  0.78127E+00
  0.34024E-01  0.53116E+00  0.29256E+00  0.67615E+00  0.87898E+00
  0.34024E-01  0.54200E+00  0.23344E+00  0.67030E+00  0.10807E+01
  0.34024E-01  0.55284E+00  0.17673E+00  0.65754E+00  0.14142E+01
  0.34024E-01  0.55916E+00  0.16189E+00  0.60885E+00  0.15483E+01
  0.34024E-01  0.57000E+00  0.15546E+00  0.47914E+00  0.14778E+01
  0.34024E-01  0.58084E+00  0.14230E+00  0.29481E+00  0.13315E+01
  0.34024E-01  0.58716E+00  0.13055E+00  0.14233E+00  0.11417E+01
  0.34024E-01  0.59800E+00  0.12796E+00  0.80566E-01  0.10001E+01
  0.34024E-01  0.60884E+00  0.12576E+00  0.21403E-01  0.85518E+00
  0.34024E-01  0.61516E+00  0.12516E+00  0.16143E-02  0.81650E+00
  0.34024E-01  0.62600E+00  0.12488E+00  0.31191E-02  0.80641E+00
  0.34024E-01  0.63684E+00  0.12499E+00  0.25049E-03  0.80174E+00
  0.34024E-01  0.64316E+00  0.12503E+00 -0.25329E-03  0.80031E+00
  0.34024E-01  0.65400E+00  0.12498E+00  0.21386E-03  0.80016E+00
  0.34024E-01  0.66484E+00  0.12501E+00 -0.29694E-04  0.80008E+00
  0.34024E-01  0.67116E+00  0.12501E+00 -0.61415E-04  0.79999E+00
  0.34024E-01  0.68200E+00  0.12500E+00  0.26668E-04  0.80000E+00
  0.34024E-01  0.69284E+00  0.12500E+00 -0.51215E-05  0.80001E+00
  0.34024E-01  0.69916E+00  0.12500E+00 -0.97924E-05  0.80000E+00
  0.34024E-01  0.71000E+00  0.12500E+00  0.33833E-05  0.80000E+00
  0.34024E-01  0.72084E+00  0.12500E+00 -0.84797E-06  0.80000E+00
  0.34024E-01  0.72716E+00  0.12500E+00 -0.11898E-05  0.80000E+00
  0.34024E-01  0.73800E+00  0.12500E+00  0.46807E-06  0.80000E+00
  0.34024E-01  0.74884E+00  0.12500E+00 -0.17557E-06  0.80000E+00
  0.34024E-01  0.75516E+00  0.12500E+00 -0.14706E-06  0.80000E+00
  0.34024E-01  0.76600E+00  0.12500E+00  0.66807E-07  0.80000E+00
  0.34024E-01  0.77684E+00  0.12500E+00 -0.26599E-07  0.80000E+00
  0.34024E-01  0.78316E+00  0.12500E+00 -0.16140E-07  0.80000E+00
  0.34024E-01  0.79400E+00  0.12500E+00  0.78886E-08  0.80000E+00
  0.34024E-01  0.80484E+00  0.12500E+00 -0.49150E-08  0.80000E+00
  0.34024E-01  0.81116E+00  0.12500E+00 -0.95383E-09  0.80000E+00
  0.34024E-01  0.82200E+00  0.12500E+00  0.13259E-08  0.80000E+00
  0.34024E-01  0.83284E+00  0.12500E+00 -0.11074E-08  0.80000E+00
  0.34024E-01  0.83916E+00  0.12500E+00 -0.23050E-09  0.80000E+00
  0.34024E-01  0.85000E+00  0.12500E+00  0.32161E-09  0.80000E+00
  0.34024E-01  0.86084E+00  0.12500E+00 -0.14261E-09  0.80000E+00
  0.34024E-01  0.86716E+00  0.12500E+00 -0.11067E-09  0.80000E+00
  0.34024E-01  0.87800E+00  0.12500E+00  0.49895E-10  0.80000E+00
  0.34024E-01  0.88884E+00  0.12500E+00  0.14511E-11  0.80000E+00
  0.34024E-01  0.89516E+00  0.12500E+00 -0.21369E-10  0.80000E+00
  0.34024E-01  0.90600E+00  0.12500E+00  0.18316E-11  0.80000E+00
  0.34024E-01  0.91684E+00  0.12500E+00  0.28068E-11  0.80000E+00
  0.34024E-01  0.92316E+00  0.12500E+00 -0.78229E-12  0.80000E+00
  0.34024E-01  0.93400E+00  0.12500E+00 -0.67810E-12  0.80000E+00
  0.34024E-01  0.94484E+00  0.12500E+00  0.24990E-13  0.80000E+00
  0.34024E-01  0.95116E+00  0.12500E+00  0.41551E-12  0.80000E+00
  0.34024E-01  0.96200E+00  0.12500E+00 -0.52141E-13  0.80000E+00
  0.34024E-01  0.97284E+00  0.12500E+00 -0.13723E-12  0.80000E+00
  0.34024E-01  0.97916E+00  0.12500E+00  0.55507E-13  0.80000E+00
  0.34024E-01  0.99000E+00  0.12500E+00  0.34125E-13  0.80000E+00
  0.34024E-01  0.10008E+01  0.12500E+00 -0.27395E-13  0.80000E+00
  0.34024E-01  0.10072E+01  0.12500E+00 -0.14014E-13  0.80000E+00
  0.34024E-01  0.10180E+01  0.12500E+00  0.10599E-13  0.80000E+00
  0.34024E-01  0.10288E+01  0.12500E+00  0.11762E-14  0.80000E+00
  0.34024E-01  0.10352E+01  0.12500E+00 -0.55869E-14  0.80000E+00
  0.34024E-01  0.10460E+01  0.12500E+00  0.15799E-14  0.80000E+00
  0.34024E-01  0.10568E+01  0.12500E+00  0.10825E-14  0.80000E+00
  0.34024E-01  0.10632E+01  0.12500E+00 -0.12192E-14  0.80000E+00
  0.34024E-01  0.10740E+01  0.12500E+00  0.10956E-15  0.80000E+00
  0.34024E-01  0.10848E+01  0.12500E+00  0.72119E-15  0.80000E+00
  0.34024E-01  0.10912E+01  0.12500E+00  0.48450E-16  0.80000E+00
  0.34024E-01  0.11020E+01  0.12500E+00 -0.10219E-16  0.80000E+00
  0.34024E-01  0.11128E+01  0.12500E+00  0.59029E-17  0.80000E+00
  0.34024E-01  0.11192E+01  0.12500E+00  0.42389E-17  0.80000E+00
  0.34024E-01  0.11300E+01  0.12500E+00 -0.13237E-17  0.80000E+00
  0.34024E-01  0.11408E+01  0.12500E+00  0.90761E-18  0.80000E+00
  0.34024E-01  0.11472E+01  0.12500E+00  0.24214E-17  0.80000E+00
  0.34024E-01  0.11580E+01  0.12500E+00 -0.75598E-18  0.80000E+00
  0.34024E-01  0.11688E+01  0.12500E+00  0.90782E-18  0.80000E+00
  0.34024E-01  0.11752E+01  0.12500E+00  0.24213E-17  0.80000E+00
  0.34024E-01  0.11860E+01  0.12500E+00 -0.75601E-18  0.80000E+00
  0.34024E-01  0.11968E+01  0.12500E+00  0.90785E-18  0.80000E+00
  0.50994E-01 -0.19684E+00  0.10000E+01  0.48259E-17  0.10000E+01
  0.50994E-01 -0.18600E+00  0.10000E+01 -0.74235E-18  0.10000E+01
  0.50994E-01 -0.17516E+00  0.10000E+01 -0.91429E-18  0.10000E+01
  0.50994E-01 -0.16884E+00  0.10000E+01  0.72500E-17  0.10000E+01
  0.50994E-01 -0.15800E+00  0.10000E+01 -0.14982E-17  0.10000E+01
  0.50994E-01 -0.14716E+00  0.10000E+01  0.14989E-17  0.10000E+01
  0.50994E-01 -0.14084E+00  0.10000E+01 -0.14124E-19  0.10000E+01
  0.50994E-01 -0.13000E+00  0.10000E+01  0.94926E-17  0.10000E+01
  0.50994E-01 -0.11916E+00  0.10000E+01 -0.31222E-16  0.10000E+01
  0.50994E-01 -0.11284E+00  0.10000E+01 -0.98956E-15  0.10000E+01
  0.50994E-01 -0.10200E+00  0.10000E+01 -0.78600E-16  0.10000E+01
  0.50994E-01 -0.91156E-01  0.10000E+01  0.20142E-14  0.10000E+01
  0.50994E-01 -0.84844E-01  0.10000E+01  0.17239E-14  0.10000E+01
  0.50994E-01 -0.74000E-01  0.10000E+01 -0.16445E-14  0.10000E+01
  0.50994E-01 -0.63156E-01  0.10000E+01 -0.22152E-14  0.10000E+01
  0.50994E-01 -0.56844E-01  0.10000E+01  0.34929E-14  0.10000E+01
  0.50994E-01 -0.46000E-01  0.10000E+01 -0.10533E-14  0.10000E+01
  0.50994E-01 -0.35156E-01  0.10000E+01 -0.17178E-13  0.10000E+01
  0.50994E-01 -0.28844E-01  0.10000E+01  0.26817E-14  0.10000E+01
  0.50994E-01 -0.18000E-01  0.10000E+01  0.27584E-13  0.10000E+01
  0.50994E-01 -0.71556E-02  0.10000E+01 -0.21328E-13  0.10000E+01
  0.50994E-01 -0.84435E-03  0.10000E+01 -0.81908E-13  0.10000E+01
  0.50994E-01  0.10000E-01  0.10000E+01  0.36071E-13  0.10000E+01
  0.50994E-01  0.20844E-01  0.10000E+01  0.17340E-12  0.10000E+01
  0.50994E-01  0.27156E-01  0.10000E+01 -0.13037E-12  0.10000E+01
  0.50994E-01  0.38000E-01  0.10000E+01 -0.18887E-12  0.10000E+01
  0.50994E-01  0.48844E-01  0.10000E+01 -0.11855E-12  0.10000E+01
  0.50994E-01  0.55156E-01  0.10000E+01  0.38347E-12  0.10000E+01
  0.50994E-01  0.66000E-01  0.10000E+01  0.12693E-11  0.10000E+01
  0.50994E-01  0.76844E-01  0.10000E+01 -0.49909E-11  0.10000E+01
  0.50994E-01  0.83156E-01  0.10000E+01 -0.49740E-11  0.10000E+01
  0.50994E-01  0.94000E-01  0.10000E+01  0.14561E-10  0.10000E+01
  0.50994E-01  0.10484E+00  0.10000E+01 -0.15867E-10  0.10000E+01
  0.50994E-01  0.11116E+00  0.10000E+01 -0.45334E-10  0.10000E+01
  0.50994E-01  0.12200E+00  0.10000E+01  0.70241E-10  0.10000E+01
  0.50994E-01  0.13284E+00  0.10000E+01 -0.11388E-09  0.10000E+01
  0.50994E-01  0.13916E+00  0.10000E+01 -0.23034E-09  0.10000E+01
  0.50994E-01  0.15000E+00  0.10000E+01  0.55404E-09  0.10000E+01
  0.50994E-01  0.16084E+00  0.10000E+01 -0.97275E-09  0.10000E+01
  0.50994E-01  0.16716E+00  0.10000E+01 -0.18638E-08  0.10000E+01
  0.50994E-01  0.17800E+00  0.10000E+01  0.37789E-08  0.10000E+01
  0.50994E-01  0.18884E+00  0.10000E+01 -0.52861E-08  0.10000E+01
  0.50994E-01  0.19516E+00  0.10000E+01 -0.10795E-07  0.10000E+01
  0.50994E-01  0.20600E+00  0.10000E+01  0.21810E-07  0.10000E+01
  0.50994E-01  0.21684E+00  0.10000E+01 -0.39943E-07  0.10000E+01
  0.50994E-01  0.22316E+00  0.10000E+01 -0.56390E-07  0.10000E+01
  0.50994E-01  0.23400E+00  0.10000E+01  0.15849E-06  0.10000E+01
  0.50994E-01  0.24484E+00  0.10000E+01 -0.23520E-06  0.10000E+01
  0.50994E-01  0.25116E+00  0.10000E+01 -0.34975E-06  0.10000E+01
  0.50994E-01  0.26200E+00  0.10000E+01  0.11736E-05  0.10000E+01
  0.50994E-01  0.27284E+00  0.10000E+01 -0.53192E-06  0.10000E+01
  0.50994E-01  0.27916E+00  0.10000E+01 -0.14774E-05  0.10000E+01
  0.50994E-01  0.29000E+00  0.10000E+01  0.11179E-04  0.99998E+00
  0.50994E-01  0.30084E+00  0.99998E+00  0.12789E-04  0.99995E+00
  0.50994E-01  0.30716E+00  0.99998E+00  0.12842E-04  0.99993E+00
  0.50994E-01  0.31800E+00  0.99999E+00  0.13408E-03  0.99973E+00
  0.50994E-01  0.32884E+00  0.99987E+00  0.25434E-03  0.99923E+00
  0.50994E-01  0.33516E+00  0.99992E+00  0.54058E-03  0.99866E+00
  0.50994E-01  0.34600E+00  0.10006E+01  0.10674E-02  0.99693E+00
  0.50994E-01  0.35684E+00  0.10012E+01  0.71288E-03  0.99482E+00
  0.50994E-01  0.36316E+00  0.10023E+01  0.30026E-02  0.99000E+00
  0.50994E-01  0.37400E+00  0.99696E+00  0.10025E-01  0.97836E+00
  0.50994E-01  0.38484E+00  0.99133E+00  0.17291E-01  0.96626E+00
  0.50994E-01  0.39116E+00  0.98342E+00  0.28983E-01  0.94916E+00
  0.50994E-01  0.40200E+00  0.96523E+00  0.58274E-01  0.91606E+00
  0.50994E-01  0.41284E+00  0.94290E+00  0.98140E-01  0.87230E+00
  0.50994E-01  0.41916E+00  0.91631E+00  0.12854E+00  0.84991E+00
  0.50994E-01  0.43000E+00  0.88303E+00  0.18325E+00  0.79841E+00
  0.50994E-01  0.44084E+00  0.84997E+00  0.24268E+00  0.73752E+00
  0.50994E-01  0.44716E+00  0.81490E+00  0.28535E+00  0.72107E+00
  0.50994E-01  0.45800E+00  0.77890E+00  0.34236E+00  0.67374E+00
  0.50994E-01  0.46884E+00  0.74650E+00  0.39746E+00  0.62191E+00
  0.50994E-01  0.47516E+00  0.71151E+00  0.44595E+00  0.61056E+00
  0.50994E-01  0.48600E+00  0.66733E+00  0.51768E+00  0.56422E+00
  0.50994E-01  0.49684E+00  0.62409E+00  0.59787E+00  0.49939E+00
  0.50994E-01  0.50316E+00  0.60328E+00  0.62381E+00  0.51620E+00
  0.50994E-01  0.51400E+00  0.52826E+00  0.64839E+00  0.55578E+00
  0.50994E-01  0.52484E+00  0.45256E+00  0.68091E+00  0.60509E+00
  0.50994E-01  0.53116E+00  0.39797E+00  0.69292E+00  0.66292E+00
  0.50994E-01  0.54200E+00  0.30935E+00  0.69157E+00  0.84578E+00
  0.50994E-01  0.55284E+00  0.24294E+00  0.69339E+00  0.10698E+01
  0.50994E-01  0.55916E+00  0.21706E+00  0.69104E+00  0.11980E+01
  0.50994E-01  0.57000E+00  0.19378E+00  0.64637E+00  0.13634E+01
  0.50994E-01  0.58084E+00  0.17005E+00  0.58385E+00  0.15548E+01
  0.50994E-01  0.58716E+00  0.16182E+00  0.55949E+00  0.15757E+01
  0.50994E-01  0.59800E+00  0.15979E+00  0.50496E+00  0.15343E+01
  0.50994E-01  0.60884E+00  0.15220E+00  0.41922E+00  0.14774E+01
  0.50994E-01  0.61516E+00  0.14563E+00  0.34555E+00  0.14043E+01
  0.50994E-01  0.62600E+00  0.13649E+00  0.21459E+00  0.12161E+01
  0.50994E-01  0.63684E+00  0.12918E+00  0.92126E-01  0.10044E+01
  0.50994E-01  0.64316E+00  0.12579E+00  0.25127E-01  0.88019E+00
  0.50994E-01  0.65400E+00  0.12538E+00  0.13870E-01  0.84428E+00
  0.50994E-01  0.66484E+00  0.12512E+00  0.41009E-02  0.81258E+00
  0.50994E-01  0.67116E+00  0.12504E+00  0.82668E-03  0.80552E+00
  0.50994E-01  0.68200E+00  0.12499E+00  0.10601E-02  0.80231E+00
  0.50994E-01  0.69284E+00  0.12503E+00  0.10581E-03  0.80050E+00
  0.50994E-01  0.69916E+00  0.12502E+00 -0.21870E-04  0.80023E+00
  0.50994E-01  0.71000E+00  0.12499E+00  0.92564E-04  0.80011E+00
  0.50994E-01  0.72084E+00  0.12500E+00 -0.20510E-04  0.80003E+00
  0.50994E-01  0.72716E+00  0.12500E+00 -0.15722E-04  0.80000E+00
  0.50994E-01  0.73800E+00  0.12500E+00  0.11834E-04  0.80000E+00
  0.50994E-01  0.74884E+00  0.12500E+00 -0.46968E-05  0.80000E+00
  0.50994E-01  0.75516E+00  0.12500E+00 -0.29152E-05  0.80000E+00
  0.50994E-01  0.76600E+00  0.12500E+00  0.20975E-05  0.80000E+00
  0.50994E-01  0.77684E+00  0.12500E+00 -0.96439E-06  0.80000E+00
  0.50994E-01  0.78316E+00  0.12500E+00 -0.67197E-06  0.80000E+00
  0.50994E-01  0.79400E+00  0.12500E+00  0.37909E-06  0.80000E+00
  0.50994E-01  0.80484E+00  0.12500E+00 -0.13304E-06  0.80000E+00
  0.50994E-01  0.81116E+00  0.12500E+00 -0.11922E-06  0.80000E+00
  0.50994E-01  0.82200E+00  0.12500E+00  0.57121E-07  0.80000E+00
  0.50994E-01  0.83284E+00  0.12500E+00 -0.23734E-07  0.80000E+00
  0.50994E-01  0.83916E+00  0.12500E+00 -0.16766E-07  0.80000E+00
  0.50994E-01  0.85000E+00  0.12500E+00  0.94521E-08  0.80000E+00
  0.50994E-01  0.86084E+00  0.12500E+00 -0.49480E-08  0.80000E+00
  0.50994E-01  0.86716E+00  0.12500E+00 -0.23235E-08  0.80000E+00
  0.50994E-01  0.87800E+00  0.12500E+00  0.17995E-08  0.80000E+00
  0.50994E-01  0.88884E+00  0.12500E+00 -0.10813E-08  0.80000E+00
  0.50994E-01  0.89516E+00  0.12500E+00 -0.52741E-09  0.80000E+00
  0.50994E-01  0.90600E+00  0.12500E+00  0.40989E-09  0.80000E+00
  0.50994E-01  0.91684E+00  0.12500E+00 -0.13444E-09  0.80000E+00
  0.50994E-01  0.92316E+00  0.12500E+00 -0.16282E-09  0.80000E+00
  0.50994E-01  0.93400E+00  0.12500E+00  0.54375E-10  0.80000E+00
  0.50994E-01  0.94484E+00  0.12500E+00  0.72799E-11  0.80000E+00
  0.50994E-01  0.95116E+00  0.12500E+00 -0.18705E-10  0.80000E+00
  0.50994E-01  0.96200E+00  0.12500E+00 -0.16863E-11  0.80000E+00
  0.50994E-01  0.97284E+00  0.12500E+00 -0.27199E-13  0.80000E+00
  0.50994E-01  0.97916E+00  0.12500E+00  0.31431E-11  0.80000E+00
  0.50994E-01  0.99000E+00  0.12500E+00 -0.25764E-12  0.80000E+00
  0.50994E-01  0.10008E+01  0.12500E+00 -0.18667E-11  0.80000E+00
  0.50994E-01  0.10072E+01  0.12500E+00  0.53485E-12  0.80000E+00
  0.50994E-01  0.10180E+01  0.12500E+00  0.54988E-12  0.80000E+00
  0.50994E-01  0.10288E+01  0.12500E+00 -0.37081E-12  0.80000E+00
  0.50994E-01  0.10352E+01  0.12500E+00 -0.25426E-12  0.80000E+00
  0.50994E-01  0.10460E+01  0.12500E+00  0.14130E-12  0.80000E+00
  0.50994E-01  0.10568E+01  0.12500E+00  0.37126E-13  0.80000E+00
  0.50994E-01  0.10632E+01  0.12500E+00 -0.78485E-13  0.80000E+00
  0.50994E-01  0.10740E+01  0.12500E+00 -0.16190E-14  0.80000E+00
  0.50994E-01  0.10848E+01  0.12500E+00  0.21843E-13  0.80000E+00
  0.50994E-01  0.10912E+01  0.12500E+00 -0.12582E-14  0.80000E+00
  0.50994E-01  0.11020E+01  0.12500E+00 -0.71733E-14  0.80000E+00
  0.50994E-01  0.11128E+01  0.12500E+00  0.21020E-15  0.80000E+00
  0.50994E-01  0.11192E+01  0.12500E+00  0.21139E-14  0.80000E+00
  0.50994E-01  0.11300E+01  0.12500E+00 -0.14248E-14  0.80000E+00
  0.50994E-01  0.11408E+01  0.12500E+00 -0.92541E-15  0.80000E+00
  0.50994E-01  0.11472E+01  0.12500E+00  0.32216E-15  0.80000E+00
  0.50994E-01  0.11580E+01  0.12500E+00 -0.13549E-15  0.80000E+00
  0.50994E-01  0.11688E+01  0.12500E+00 -0.17335E-15  0.80000E+00
  0.50994E-01  0.11752E+01  0.12500E+00 -0.14536E-16  0.80000E+00
  0.50994E-01  0.11860E+01  0.12500E+00 -0.22701E-17  0.80000E+00
  0.50994E-01  0.11968E+01  0.12500E+00  0.75703E-17  0.80000E+00
  0.67964E-01 -0.19684E+00  0.10000E+01  0.24247E-17  0.10000E+01
  0.67964E-01 -0.18600E+00  0.10000E+01 -0.14954E-17  0.10000E+01
  0.67964E-01 -0.17516E+00  0.10000E+01 -0.18601E-17  0.10000E+01
  0.67964E-01 -0.16884E+00  0.10000E+01 -0.22692E-15  0.10000E+01
  0.67964E-01 -0.15800E+00  0.10000E+01 -0.31124E-15  0.10000E+01
  0.67964E-01 -0.14716E+00  0.10000E+01  0.10799E-14  0.10000E+01
  0.67964E-01 -0.14084E+00  0.10000E+01  0.74714E-15  0.10000E+01
  0.67964E-01 -0.13000E+00  0.10000E+01 -0.11373E-14  0.10000E+01
  0.67964E-01 -0.11916E+00  0.10000E+01 -0.42391E-15  0.10000E+01
  0.67964E-01 -0.11284E+00  0.10000E+01  0.24488E-14  0.10000E+01
  0.67964E-01 -0.10200E+00  0.10000E+01  0.40240E-15  0.10000E+01
  0.67964E-01 -0.91156E-01  0.10000E+01 -0.11818E-13  0.10000E+01
  0.67964E-01 -0.84844E-01  0.10000E+01 -0.79305E-14  0.10000E+01
  0.67964E-01 -0.74000E-01  0.10000E+01  0.15380E-13  0.10000E+01
  0.67964E-01 -0.63156E-01  0.10000E+01  0.74479E-14  0.10000E+01
  0.67964E-01 -0.56844E-01  0.10000E+01 -0.45947E-13  0.10000E+01
  0.67964E-01 -0.46000E-01  0.10000E+01 -0.16072E-13  0.10000E+01
  0.67964E-01 -0.35156E-01  0.10000E+01  0.47192E-14  0.10000E+01
  0.67964E-01 -0.28844E-01  0.10000E+01  0.57735E-13  0.10000E+01
  0.67964E-01 -0.18000E-01  0.10000E+01  0.16060E-12  0.10000E+01
  0.67964E-01 -0.71556E-02  0.10000E+01 -0.85967E-12  0.10000E+01
  0.67964E-01 -0.84435E-03  0.10000E+01 -0.63730E-12  0.10000E+01
  0.67964E-01  0.10000E-01  0.10000E+01  0.22250E-11  0.10000E+01
  0.67964E-01  0.20844E-01  0.10000E+01 -0.18363E-11  0.10000E+01
  0.67964E-01  0.27156E-01  0.10000E+01 -0.60879E-11  0.10000E+01
  0.67964E-01  0.38000E-01  0.10000E+01  0.66438E-11  0.10000E+01
  0.67964E-01  0.48844E-01  0.10000E+01 -0.10223E-10  0.10000E+01
  0.67964E-01  0.55156E-01  0.10000E+01 -0.17182E-10  0.10000E+01
  0.67964E-01  0.66000E-01  0.10000E+01  0.50544E-10  0.10000E+01
  0.67964E-01  0.76844E-01  0.10000E+01 -0.11011E-09  0.10000E+01
  0.67964E-01  0.83156E-01  0.10000E+01 -0.15216E-09  0.10000E+01
  0.67964E-01  0.94000E-01  0.10000E+01  0.34730E-09  0.10000E+01
  0.67964E-01  0.10484E+00  0.10000E+01 -0.49541E-09  0.10000E+01
  0.67964E-01  0.11116E+00  0.10000E+01 -0.88200E-09  0.10000E+01
  0.67964E-01  0.12200E+00  0.10000E+01  0.18218E-08  0.10000E+01
  0.67964E-01  0.13284E+00  0.10000E+01 -0.31229E-08  0.10000E+01
  0.67964E-01  0.13916E+00  0.10000E+01 -0.48432E-08  0.10000E+01
  0.67964E-01  0.15000E+00  0.10000E+01  0.11464E-07  0.10000E+01
  0.67964E-01  0.16084E+00  0.10000E+01 -0.15399E-07  0.10000E+01
  0.67964E-01  0.16716E+00  0.10000E+01 -0.25194E-07  0.10000E+01
  0.67964E-01  0.17800E+00  0.10000E+01  0.68735E-07  0.10000E+01
  0.67964E-01  0.18884E+00  0.10000E+01 -0.62468E-07  0.10000E+01
  0.67964E-01  0.19516E+00  0.10000E+01 -0.10106E-06  0.10000E+01
  0.67964E-01  0.20600E+00  0.10000E+01  0.51386E-06  0.10000E+01
  0.67964E-01  0.21684E+00  0.10000E+01  0.16261E-06  0.10000E+01
  0.67964E-01  0.22316E+00  0.10000E+01  0.41273E-06  0.10000E+01
  0.67964E-01  0.23400E+00  0.10000E+01  0.46189E-05  0.99999E+00
  0.67964E-01  0.24484E+00  0.99999E+00  0.51107E-05  0.99998E+00
  0.67964E-01  0.25116E+00  0.99999E+00  0.13808E-04  0.99996E+00
  0.67964E-01  0.26200E+00  0.99999E+00  0.44706E-04  0.99992E+00
  0.67964E-01  0.27284E+00  0.99997E+00  0.51116E-04  0.99982E+00
  0.67964E-01  0.27916E+00  0.99990E+00  0.17682E-03  0.99958E+00
  0.67964E-01  0.29000E+00  0.99987E+00  0.45437E-03  0.99918E+00
  0.67964E-01  0.30084E+00  0.99984E+00  0.38402E-03  0.99884E+00
  0.67964E-01  0.30716E+00  0.99987E+00  0.77669E-03  0.99803E+00
  0.67964E-01  0.31800E+00  0.10000E+01  0.23604E-02  0.99453E+00
  0.67964E-01  0.32884E+00  0.99995E+00  0.35672E-02  0.99025E+00
  0.67964E-01  0.33516E+00  0.10000E+01  0.75990E-02  0.98387E+00
  0.67964E-01  0.34600E+00  0.99479E+00  0.15137E-01  0.97181E+00
  0.67964E-01  0.35684E+00  0.98745E+00  0.26142E-01  0.95548E+00
  0.67964E-01  0.36316E+00  0.98138E+00  0.36135E-01  0.93988E+00
  0.67964E-01  0.37400E+00  0.96576E+00  0.61533E-01  0.91138E+00
  0.67964E-01  0.38484E+00  0.94697E+00  0.94567E-01  0.87491E+00
  0.67964E-01  0.39116E+00  0.92747E+00  0.11700E+00  0.85520E+00
  0.67964E-01  0.40200E+00  0.90201E+00  0.15939E+00  0.81320E+00
  0.67964E-01  0.41284E+00  0.87558E+00  0.20662E+00  0.76396E+00
  0.67964E-01  0.41916E+00  0.84889E+00  0.23798E+00  0.74612E+00
  0.67964E-01  0.43000E+00  0.82087E+00  0.28590E+00  0.70373E+00
  0.67964E-01  0.44084E+00  0.79419E+00  0.33423E+00  0.65611E+00
  0.67964E-01  0.44716E+00  0.76659E+00  0.36875E+00  0.64230E+00
  0.67964E-01  0.45800E+00  0.73700E+00  0.41706E+00  0.60566E+00
  0.67964E-01  0.46884E+00  0.70904E+00  0.46495E+00  0.56377E+00
  0.67964E-01  0.47516E+00  0.68210E+00  0.50386E+00  0.55169E+00
  0.67964E-01  0.48600E+00  0.64865E+00  0.55814E+00  0.52135E+00
  0.67964E-01  0.49684E+00  0.61583E+00  0.61752E+00  0.48097E+00
  0.67964E-01  0.50316E+00  0.60420E+00  0.64241E+00  0.48768E+00
  0.67964E-01  0.51400E+00  0.55831E+00  0.65554E+00  0.52171E+00
  0.67964E-01  0.52484E+00  0.51044E+00  0.67419E+00  0.55804E+00
  0.67964E-01  0.53116E+00  0.47571E+00  0.68434E+00  0.59919E+00
  0.67964E-01  0.54200E+00  0.39543E+00  0.69268E+00  0.70905E+00
  0.67964E-01  0.55284E+00  0.31941E+00  0.70249E+00  0.85736E+00
  0.67964E-01  0.55916E+00  0.28190E+00  0.70334E+00  0.96004E+00
  0.67964E-01  0.57000E+00  0.23490E+00  0.69144E+00  0.11254E+01
  0.67964E-01  0.58084E+00  0.20056E+00  0.67378E+00  0.12881E+01
  0.67964E-01  0.58716E+00  0.18983E+00  0.65023E+00  0.13822E+01
  0.67964E-01  0.59800E+00  0.17858E+00  0.61542E+00  0.14787E+01
  0.67964E-01  0.60884E+00  0.16850E+00  0.57027E+00  0.15571E+01
  0.67964E-01  0.61516E+00  0.16336E+00  0.55137E+00  0.15621E+01
  0.67964E-01  0.62600E+00  0.16115E+00  0.51796E+00  0.15411E+01
  0.67964E-01  0.63684E+00  0.15774E+00  0.47252E+00  0.15146E+01
  0.67964E-01  0.64316E+00  0.15388E+00  0.44099E+00  0.14909E+01
  0.67964E-01  0.65400E+00  0.14576E+00  0.34686E+00  0.13756E+01
  0.67964E-01  0.66484E+00  0.13721E+00  0.21869E+00  0.11998E+01
  0.67964E-01  0.67116E+00  0.13136E+00  0.12583E+00  0.10724E+01
  0.67964E-01  0.68200E+00  0.12855E+00  0.73179E-01  0.96376E+00
  0.67964E-01  0.69284E+00  0.12590E+00  0.20263E-01  0.84904E+00
  0.67964E-01  0.69916E+00  0.12499E+00  0.26439E-02  0.82057E+00
  0.67964E-01  0.71000E+00  0.12504E+00  0.44479E-02  0.81055E+00
  0.67964E-01  0.72084E+00  0.12515E+00  0.18570E-02  0.80450E+00
  0.67964E-01  0.72716E+00  0.12507E+00  0.73204E-03  0.80262E+00
  0.67964E-01  0.73800E+00  0.12499E+00  0.47106E-03  0.80108E+00
  0.67964E-01  0.74884E+00  0.12501E+00  0.67153E-04  0.80035E+00
  0.67964E-01  0.75516E+00  0.12501E+00  0.46382E-04  0.80020E+00
  0.67964E-01  0.76600E+00  0.12500E+00  0.45868E-04  0.80007E+00
  0.67964E-01  0.77684E+00  0.12500E+00 -0.70156E-05  0.80002E+00
  0.67964E-01  0.78316E+00  0.12500E+00 -0.19360E-05  0.80001E+00
  0.67964E-01  0.79400E+00  0.12500E+00  0.59131E-05  0.80001E+00
  0.67964E-01  0.80484E+00  0.12500E+00 -0.20541E-05  0.80000E+00
  0.67964E-01  0.81116E+00  0.12500E+00 -0.12956E-05  0.80000E+00
  0.67964E-01  0.82200E+00  0.12500E+00  0.89663E-06  0.80000E+00
  0.67964E-01  0.83284E+00  0.12500E+00 -0.36268E-06  0.80000E+00
  0.67964E-01  0.83916E+00  0.12500E+00 -0.23429E-06  0.80000E+00
  0.67964E-01  0.85000E+00  0.12500E+00  0.16870E-06  0.80000E+00
  0.67964E-01  0.86084E+00  0.12500E+00 -0.78968E-07  0.80000E+00
  0.67964E-01  0.86716E+00  0.12500E+00 -0.59180E-07  0.80000E+00
  0.67964E-01  0.87800E+00  0.12500E+00  0.30194E-07  0.80000E+00
  0.67964E-01  0.88884E+00  0.12500E+00 -0.86954E-08  0.80000E+00
  0.67964E-01  0.89516E+00  0.12500E+00 -0.79421E-08  0.80000E+00
  0.67964E-01  0.90600E+00  0.12500E+00  0.36783E-08  0.80000E+00
  0.67964E-01  0.91684E+00  0.12500E+00 -0.29414E-08  0.80000E+00
  0.67964E-01  0.92316E+00  0.12500E+00 -0.69457E-09  0.80000E+00
  0.67964E-01  0.93400E+00  0.12500E+00  0.11272E-08  0.80000E+00
  0.67964E-01  0.94484E+00  0.12500E+00 -0.73359E-09  0.80000E+00
  0.67964E-01  0.95116E+00  0.12500E+00 -0.36878E-09  0.80000E+00
  0.67964E-01  0.96200E+00  0.12500E+00  0.26417E-09  0.80000E+00
  0.67964E-01  0.97284E+00  0.12500E+00 -0.68036E-10  0.80000E+00
  0.67964E-01  0.97916E+00  0.12500E+00 -0.10374E-09  0.80000E+00
  0.67964E-01  0.99000E+00  0.12500E+00  0.32112E-10  0.80000E+00
  0.67964E-01  0.10008E+01  0.12500E+00  0.27878E-11  0.80000E+00
  0.67964E-01  0.10072E+01  0.12500E+00 -0.10908E-10  0.80000E+00
  0.67964E-01  0.10180E+01  0.12500E+00 -0.44967E-12  0.80000E+00
  0.67964E-01  0.10288E+01  0.12500E+00 -0.10288E-11  0.80000E+00
  0.67964E-01  0.10352E+01  0.12500E+00  0.21580E-11  0.80000E+00
  0.67964E-01  0.10460E+01  0.12500E+00  0.23884E-12  0.80000E+00
  0.67964E-01  0.10568E+01  0.12500E+00 -0.16539E-11  0.80000E+00
  0.67964E-01  0.10632E+01  0.12500E+00  0.96819E-13  0.80000E+00
  0.67964E-01  0.10740E+01  0.12500E+00  0.60081E-12  0.80000E+00
  0.67964E-01  0.10848E+01  0.12500E+00 -0.21808E-12  0.80000E+00
  0.67964E-01  0.10912E+01  0.12500E+00 -0.34423E-12  0.80000E+00
  0.67964E-01  0.11020E+01  0.12500E+00  0.92691E-13  0.80000E+00
  0.67964E-01  0.11128E+01  0.12500E+00  0.90112E-13  0.80000E+00
  0.67964E-01  0.11192E+01  0.12500E+00 -0.52094E-13  0.80000E+00
  0.67964E-01  0.11300E+01  0.12500E+00 -0.30830E-13  0.80000E+00
  0.67964E-01  0.11408E+01  0.12500E+00  0.17020E-13  0.80000E+00
  0.67964E-01  0.11472E+01  0.12500E+00  0.18485E-13  0.80000E+00
  0.67964E-01  0.11580E+01  0.12500E+00 -0.77694E-14  0.80000E+00
  0.67964E-01  0.11688E+01  0.12500E+00 -0.48778E-14  0.80000E+00
  0.67964E-01  0.11752E+01  0.12500E+00  0.49376E-14  0.80000E+00
  0.67964E-01  0.11860E+01  0.12500E+00  0.17450E-14  0.80000E+00
  0.67964E-01  0.11968E+01  0.12500E+00 -0.35446E-14  0.80000E+00
  0.84933E-01 -0.19684E+00  0.10000E+01  0.14766E-14  0.10000E+01
  0.84933E-01 -0.18600E+00  0.10000E+01 -0.48543E-15  0.10000E+01
  0.84933E-01 -0.17516E+00  0.10000E+01 -0.82464E-15  0.10000E+01
  0.84933E-01 -0.16884E+00  0.10000E+01  0.87691E-15  0.10000E+01
  0.84933E-01 -0.15800E+00  0.10000E+01  0.31509E-14  0.10000E+01
  0.84933E-01 -0.14716E+00  0.10000E+01 -0.72500E-15  0.10000E+01
  0.84933E-01 -0.14084E+00  0.10000E+01 -0.13210E-13  0.10000E+01
  0.84933E-01 -0.13000E+00  0.10000E+01 -0.72343E-14  0.10000E+01
  0.84933E-01 -0.11916E+00  0.10000E+01  0.14757E-13  0.10000E+01
  0.84933E-01 -0.11284E+00  0.10000E+01  0.13241E-13  0.10000E+01
  0.84933E-01 -0.10200E+00  0.10000E+01 -0.11910E-13  0.10000E+01
  0.84933E-01 -0.91156E-01  0.10000E+01 -0.11917E-12  0.10000E+01
  0.84933E-01 -0.84844E-01  0.10000E+01 -0.14027E-13  0.10000E+01
  0.84933E-01 -0.74000E-01  0.10000E+01  0.25938E-12  0.10000E+01
  0.84933E-01 -0.63156E-01  0.10000E+01 -0.23901E-12  0.10000E+01
  0.84933E-01 -0.56844E-01  0.10000E+01 -0.64753E-12  0.10000E+01
  0.84933E-01 -0.46000E-01  0.10000E+01  0.53673E-12  0.10000E+01
  0.84933E-01 -0.35156E-01  0.10000E+01 -0.63031E-12  0.10000E+01
  0.84933E-01 -0.28844E-01  0.10000E+01 -0.12116E-11  0.10000E+01
  0.84933E-01 -0.18000E-01  0.10000E+01  0.39096E-11  0.10000E+01
  0.84933E-01 -0.71556E-02  0.10000E+01 -0.79622E-11  0.10000E+01
  0.84933E-01 -0.84435E-03  0.10000E+01 -0.12073E-10  0.10000E+01
  0.84933E-01  0.10000E-01  0.10000E+01  0.22513E-10  0.10000E+01
  0.84933E-01  0.20844E-01  0.10000E+01 -0.28316E-10  0.10000E+01
  0.84933E-01  0.27156E-01  0.10000E+01 -0.50409E-10  0.10000E+01
  0.84933E-01  0.38000E-01  0.10000E+01  0.11132E-09  0.10000E+01
  0.84933E-01  0.48844E-01  0.10000E+01 -0.20826E-09  0.10000E+01
  0.84933E-01  0.55156E-01  0.10000E+01 -0.29782E-09  0.10000E+01
  0.84933E-01  0.66000E-01  0.10000E+01  0.67706E-09  0.10000E+01
  0.84933E-01  0.76844E-01  0.10000E+01 -0.84688E-09  0.10000E+01
  0.84933E-01  0.83156E-01  0.10000E+01 -0.13553E-08  0.10000E+01
  0.84933E-01  0.94000E-01  0.10000E+01  0.38818E-08  0.10000E+01
  0.84933E-01  0.10484E+00  0.10000E+01 -0.34397E-08  0.10000E+01
  0.84933E-01  0.11116E+00  0.10000E+01 -0.60936E-08  0.10000E+01
  0.84933E-01  0.12200E+00  0.10000E+01  0.26951E-07  0.10000E+01
  0.84933E-01  0.13284E+00  0.10000E+01  0.76567E-08  0.10000E+01
  0.84933E-01  0.13916E+00  0.10000E+01  0.14292E-07  0.10000E+01
  0.84933E-01  0.15000E+00  0.10000E+01  0.24952E-06  0.10000E+01
  0.84933E-01  0.16084E+00  0.10000E+01  0.27324E-06  0.10000E+01
  0.84933E-01  0.16716E+00  0.10000E+01  0.47050E-06  0.10000E+01
  0.84933E-01  0.17800E+00  0.10000E+01  0.21892E-05  0.10000E+01
  0.84933E-01  0.18884E+00  0.10000E+01  0.30942E-05  0.99999E+00
  0.84933E-01  0.19516E+00  0.10000E+01  0.48443E-05  0.99998E+00
  0.84933E-01  0.20600E+00  0.10000E+01  0.18350E-04  0.99996E+00
  0.84933E-01  0.21684E+00  0.99998E+00  0.31782E-04  0.99993E+00
  0.84933E-01  0.22316E+00  0.99998E+00  0.36460E-04  0.99989E+00
  0.84933E-01  0.23400E+00  0.99997E+00  0.13084E-03  0.99974E+00
  0.84933E-01  0.24484E+00  0.99983E+00  0.29057E-03  0.99944E+00
  0.84933E-01  0.25116E+00  0.99982E+00  0.30779E-03  0.99937E+00
  0.84933E-01  0.26200E+00  0.99992E+00  0.53900E-03  0.99895E+00
  0.84933E-01  0.27284E+00  0.99948E+00  0.10146E-02  0.99759E+00
  0.84933E-01  0.27916E+00  0.99891E+00  0.20385E-02  0.99583E+00
  0.84933E-01  0.29000E+00  0.99854E+00  0.47513E-02  0.99126E+00
  0.84933E-01  0.30084E+00  0.99736E+00  0.78437E-02  0.98483E+00
  0.84933E-01  0.30716E+00  0.99729E+00  0.10934E-01  0.97817E+00
  0.84933E-01  0.31800E+00  0.99239E+00  0.19644E-01  0.96603E+00
  0.84933E-01  0.32884E+00  0.98520E+00  0.32163E-01  0.94904E+00
  0.84933E-01  0.33516E+00  0.98072E+00  0.42409E-01  0.93490E+00
  0.84933E-01  0.34600E+00  0.96694E+00  0.64376E-01  0.90919E+00
  0.84933E-01  0.35684E+00  0.95022E+00  0.91491E-01  0.87773E+00
  0.84933E-01  0.36316E+00  0.93491E+00  0.10931E+00  0.85980E+00
  0.84933E-01  0.37400E+00  0.91388E+00  0.14395E+00  0.82411E+00
  0.84933E-01  0.38484E+00  0.89250E+00  0.18310E+00  0.78379E+00
  0.84933E-01  0.39116E+00  0.87137E+00  0.20753E+00  0.76667E+00
  0.84933E-01  0.40200E+00  0.84788E+00  0.24823E+00  0.72952E+00
  0.84933E-01  0.41284E+00  0.82507E+00  0.29036E+00  0.68810E+00
  0.84933E-01  0.41916E+00  0.80212E+00  0.31758E+00  0.67302E+00
  0.84933E-01  0.43000E+00  0.77792E+00  0.35917E+00  0.63853E+00
  0.84933E-01  0.44084E+00  0.75495E+00  0.40049E+00  0.60032E+00
  0.84933E-01  0.44716E+00  0.73144E+00  0.43079E+00  0.58675E+00
  0.84933E-01  0.45800E+00  0.70443E+00  0.47606E+00  0.55290E+00
  0.84933E-01  0.46884E+00  0.67990E+00  0.51921E+00  0.51612E+00
  0.84933E-01  0.47516E+00  0.66148E+00  0.54606E+00  0.50722E+00
  0.84933E-01  0.48600E+00  0.64045E+00  0.57839E+00  0.49141E+00
  0.84933E-01  0.49684E+00  0.61992E+00  0.61240E+00  0.47208E+00
  0.84933E-01  0.50316E+00  0.61277E+00  0.62218E+00  0.47541E+00
  0.84933E-01  0.51400E+00  0.57646E+00  0.63371E+00  0.50829E+00
  0.84933E-01  0.52484E+00  0.53865E+00  0.65693E+00  0.54318E+00
  0.84933E-01  0.53116E+00  0.51950E+00  0.68130E+00  0.57453E+00
  0.84933E-01  0.54200E+00  0.46295E+00  0.69576E+00  0.62453E+00
  0.84933E-01  0.55284E+00  0.39262E+00  0.71431E+00  0.70985E+00
  0.84933E-01  0.55916E+00  0.34939E+00  0.71816E+00  0.78007E+00
  0.84933E-01  0.57000E+00  0.29076E+00  0.71899E+00  0.92806E+00
  0.84933E-01  0.58084E+00  0.24589E+00  0.71528E+00  0.10983E+01
  0.84933E-01  0.58716E+00  0.22678E+00  0.70376E+00  0.11964E+01
  0.84933E-01  0.59800E+00  0.20324E+00  0.67008E+00  0.13340E+01
  0.84933E-01  0.60884E+00  0.18689E+00  0.63164E+00  0.14495E+01
  0.84933E-01  0.61516E+00  0.17996E+00  0.61912E+00  0.14869E+01
  0.84933E-01  0.62600E+00  0.17298E+00  0.59608E+00  0.15229E+01
  0.84933E-01  0.63684E+00  0.16614E+00  0.57186E+00  0.15615E+01
  0.84933E-01  0.64316E+00  0.16434E+00  0.55667E+00  0.15667E+01
  0.84933E-01  0.65400E+00  0.16360E+00  0.53479E+00  0.15501E+01
  0.84933E-01  0.66484E+00  0.16043E+00  0.50739E+00  0.15274E+01
  0.84933E-01  0.67116E+00  0.15776E+00  0.48505E+00  0.15076E+01
  0.84933E-01  0.68200E+00  0.15288E+00  0.42734E+00  0.14587E+01
  0.84933E-01  0.69284E+00  0.14590E+00  0.33804E+00  0.13608E+01
  0.84933E-01  0.69916E+00  0.14058E+00  0.26568E+00  0.12785E+01
  0.84933E-01  0.71000E+00  0.13387E+00  0.16132E+00  0.11115E+01
  0.84933E-01  0.72084E+00  0.12919E+00  0.76339E-01  0.94703E+00
  0.84933E-01  0.72716E+00  0.12606E+00  0.25215E-01  0.86855E+00
  0.84933E-01  0.73800E+00  0.12549E+00  0.15194E-01  0.83866E+00
  0.84933E-01  0.74884E+00  0.12519E+00  0.49987E-02  0.81277E+00
  0.84933E-01  0.75516E+00  0.12512E+00  0.18274E-02  0.80727E+00
  0.84933E-01  0.76600E+00  0.12505E+00  0.22052E-02  0.80461E+00
  0.84933E-01  0.77684E+00  0.12505E+00  0.72220E-03  0.80200E+00
  0.84933E-01  0.78316E+00  0.12503E+00  0.23756E-03  0.80098E+00
  0.84933E-01  0.79400E+00  0.12500E+00  0.26450E-03  0.80054E+00
  0.84933E-01  0.80484E+00  0.12501E+00  0.61117E-04  0.80023E+00
  0.84933E-01  0.81116E+00  0.12500E+00  0.22921E-04  0.80012E+00
  0.84933E-01  0.82200E+00  0.12500E+00  0.29117E-04  0.80006E+00
  0.84933E-01  0.83284E+00  0.12500E+00  0.17321E-05  0.80002E+00
  0.84933E-01  0.83916E+00  0.12500E+00  0.46698E-06  0.80001E+00
  0.84933E-01  0.85000E+00  0.12500E+00  0.29484E-05  0.80000E+00
  0.84933E-01  0.86084E+00  0.12500E+00 -0.68230E-06  0.80000E+00
  0.84933E-01  0.86716E+00  0.12500E+00 -0.26479E-06  0.80000E+00
  0.84933E-01  0.87800E+00  0.12500E+00  0.44218E-06  0.80000E+00
  0.84933E-01  0.88884E+00  0.12500E+00 -0.16832E-06  0.80000E+00
  0.84933E-01  0.89516E+00  0.12500E+00 -0.10788E-06  0.80000E+00
  0.84933E-01  0.90600E+00  0.12500E+00  0.64787E-07  0.80000E+00
  0.84933E-01  0.91684E+00  0.12500E+00 -0.25704E-07  0.80000E+00
  0.84933E-01  0.92316E+00  0.12500E+00 -0.12874E-07  0.80000E+00
  0.84933E-01  0.93400E+00  0.12500E+00  0.11810E-07  0.80000E+00
  0.84933E-01  0.94484E+00  0.12500E+00 -0.80940E-08  0.80000E+00
  0.84933E-01  0.95116E+00  0.12500E+00 -0.41050E-08  0.80000E+00
  0.84933E-01  0.96200E+00  0.12500E+00  0.27901E-08  0.80000E+00
  0.84933E-01  0.97284E+00  0.12500E+00 -0.80149E-09  0.80000E+00
  0.84933E-01  0.97916E+00  0.12500E+00 -0.65298E-09  0.80000E+00
  0.84933E-01  0.99000E+00  0.12500E+00  0.31747E-09  0.80000E+00
  0.84933E-01  0.10008E+01  0.12500E+00 -0.31375E-09  0.80000E+00
  0.84933E-01  0.10072E+01  0.12500E+00 -0.92038E-10  0.80000E+00
  0.84933E-01  0.10180E+01  0.12500E+00  0.14090E-09  0.80000E+00
  0.84933E-01  0.10288E+01  0.12500E+00 -0.46741E-10  0.80000E+00
  0.84933E-01  0.10352E+01  0.12500E+00 -0.65137E-10  0.80000E+00
  0.84933E-01  0.10460E+01  0.12500E+00  0.15471E-10  0.80000E+00
  0.84933E-01  0.10568E+01  0.12500E+00  0.76472E-11  0.80000E+00
  0.84933E-01  0.10632E+01  0.12500E+00 -0.26550E-11  0.80000E+00
  0.84933E-01  0.10740E+01  0.12500E+00 -0.24778E-11  0.80000E+00
  0.84933E-01  0.10848E+01  0.12500E+00 -0.17872E-11  0.80000E+00
  0.84933E-01  0.10912E+01  0.12500E+00  0.23993E-11  0.80000E+00
  0.84933E-01  0.11020E+01  0.12500E+00  0.50324E-12  0.80000E+00
  0.84933E-01  0.11128E+01  0.12500E+00 -0.13381E-11  0.80000E+00
  0.84933E-01  0.11192E+01  0.12500E+00 -0.11005E-12  0.80000E+00
  0.84933E-01  0.11300E+01  0.12500E+00  0.47809E-12  0.80000E+00
  0.84933E-01  0.11408E+01  0.12500E+00 -0.11675E-12  0.80000E+00
  0.84933E-01  0.11472E+01  0.12500E+00 -0.27824E-12  0.80000E+00
  0.84933E-01  0.11580E+01  0.12500E+00  0.60944E-13  0.80000E+00
  0.84933E-01  0.11688E+01  0.12500E+00  0.72283E-13  0.80000E+00
  0.84933E-01  0.11752E+01  0.12500E+00 -0.30842E-13  0.80000E+00
  0.84933E-01  0.11860E+01  0.12500E+00 -0.36861E-13  0.80000E+00
  0.84933E-01  0.11968E+01  0.12500E+00  0.21393E-13  0.80000E+00
  0.10004E+00 -0.19684E+00  0.10000E+01  0.36351E-14  0.10000E+01
  0.10004E+00 -0.18600E+00  0.10000E+01 -0.41300E-15  0.10000E+01
  0.10004E+00 -0.17516E+00  0.10000E+01 -0.10098E-13  0.10000E+01
  0.10004E+00 -0.16884E+00  0.10000E+01 -0.11892E-13  0.10000E+01
  0.10004E+00 -0.15800E+00  0.10000E+01  0.85484E-14  0.10000E+01
  0.10004E+00 -0.14716E+00  0.10000E+01  0.91861E-14  0.10000E+01
  0.10004E+00 -0.14084E+00  0.10000E+01 -0.14665E-13  0.10000E+01
  0.10004E+00 -0.13000E+00  0.10000E+01  0.33731E-14  0.10000E+01
  0.10004E+00 -0.11916E+00  0.10000E+01 -0.13040E-12  0.10000E+01
  0.10004E+00 -0.11284E+00  0.10000E+01 -0.81655E-13  0.10000E+01
  0.10004E+00 -0.10200E+00  0.10000E+01  0.35112E-12  0.10000E+01
  0.10004E+00 -0.91156E-01  0.10000E+01 -0.27032E-12  0.10000E+01
  0.10004E+00 -0.84844E-01  0.10000E+01 -0.83877E-12  0.10000E+01
  0.10004E+00 -0.74000E-01  0.10000E+01  0.80101E-12  0.10000E+01
  0.10004E+00 -0.63156E-01  0.10000E+01 -0.16360E-11  0.10000E+01
  0.10004E+00 -0.56844E-01  0.10000E+01 -0.22536E-11  0.10000E+01
  0.10004E+00 -0.46000E-01  0.10000E+01  0.70068E-11  0.10000E+01
  0.10004E+00 -0.35156E-01  0.10000E+01 -0.99389E-11  0.10000E+01
  0.10004E+00 -0.28844E-01  0.10000E+01 -0.17749E-10  0.10000E+01
  0.10004E+00 -0.18000E-01  0.10000E+01  0.30670E-10  0.10000E+01
  0.10004E+00 -0.71556E-02  0.10000E+01 -0.48704E-10  0.10000E+01
  0.10004E+00 -0.84435E-03  0.10000E+01 -0.73340E-10  0.10000E+01
  0.10004E+00  0.10000E-01  0.10000E+01  0.20799E-09  0.10000E+01
  0.10004E+00  0.20844E-01  0.10000E+01 -0.18457E-09  0.10000E+01
  0.10004E+00  0.27156E-01  0.10000E+01 -0.34858E-09  0.10000E+01
  0.10004E+00  0.38000E-01  0.10000E+01  0.11753E-08  0.10000E+01
  0.10004E+00  0.48844E-01  0.10000E+01 -0.49545E-09  0.10000E+01
  0.10004E+00  0.55156E-01  0.10000E+01 -0.54712E-09  0.10000E+01
  0.10004E+00  0.66000E-01  0.10000E+01  0.10790E-07  0.10000E+01
  0.10004E+00  0.76844E-01  0.10000E+01  0.85614E-08  0.10000E+01
  0.10004E+00  0.83156E-01  0.10000E+01  0.14319E-07  0.10000E+01
  0.10004E+00  0.94000E-01  0.10000E+01  0.94094E-07  0.10000E+01
  0.10004E+00  0.10484E+00  0.10000E+01  0.11891E-06  0.10000E+01
  0.10004E+00  0.11116E+00  0.10000E+01  0.17796E-06  0.10000E+01
  0.10004E+00  0.12200E+00  0.10000E+01  0.70935E-06  0.10000E+01
  0.10004E+00  0.13284E+00  0.10000E+01  0.10727E-05  0.10000E+01
  0.10004E+00  0.13916E+00  0.10000E+01  0.15949E-05  0.10000E+01
  0.10004E+00  0.15000E+00  0.10000E+01  0.48839E-05  0.99999E+00
  0.10004E+00  0.16084E+00  0.10000E+01  0.78663E-05  0.99998E+00
  0.10004E+00  0.16716E+00  0.99999E+00  0.13456E-04  0.99997E+00
  0.10004E+00  0.17800E+00  0.99999E+00  0.32962E-04  0.99994E+00
  0.10004E+00  0.18884E+00  0.99997E+00  0.48421E-04  0.99989E+00
  0.10004E+00  0.19516E+00  0.99995E+00  0.96184E-04  0.99979E+00
  0.10004E+00  0.20600E+00  0.99993E+00  0.22017E-03  0.99961E+00
  0.10004E+00  0.21684E+00  0.99983E+00  0.30500E-03  0.99944E+00
  0.10004E+00  0.22316E+00  0.99976E+00  0.45547E-03  0.99910E+00
  0.10004E+00  0.23400E+00  0.99969E+00  0.10103E-02  0.99807E+00
  0.10004E+00  0.24484E+00  0.99915E+00  0.17974E-02  0.99643E+00
  0.10004E+00  0.25116E+00  0.99836E+00  0.29711E-02  0.99465E+00
  0.10004E+00  0.26200E+00  0.99750E+00  0.58855E-02  0.99001E+00
  0.10004E+00  0.27284E+00  0.99584E+00  0.96074E-02  0.98362E+00
  0.10004E+00  0.27916E+00  0.99510E+00  0.12519E-01  0.97798E+00
  0.10004E+00  0.29000E+00  0.99161E+00  0.20277E-01  0.96582E+00
  0.10004E+00  0.30084E+00  0.98616E+00  0.31775E-01  0.94950E+00
  0.10004E+00  0.30716E+00  0.98220E+00  0.40861E-01  0.93726E+00
  0.10004E+00  0.31800E+00  0.97091E+00  0.59582E-01  0.91479E+00
  0.10004E+00  0.32884E+00  0.95647E+00  0.82221E-01  0.88877E+00
  0.10004E+00  0.33516E+00  0.94546E+00  0.97173E-01  0.87255E+00
  0.10004E+00  0.34600E+00  0.92748E+00  0.12564E+00  0.84138E+00
  0.10004E+00  0.35684E+00  0.90942E+00  0.15876E+00  0.80736E+00
  0.10004E+00  0.36316E+00  0.89291E+00  0.17890E+00  0.79092E+00
  0.10004E+00  0.37400E+00  0.87206E+00  0.21374E+00  0.75757E+00
  0.10004E+00  0.38484E+00  0.85166E+00  0.25092E+00  0.72135E+00
  0.10004E+00  0.39116E+00  0.83248E+00  0.27324E+00  0.70540E+00
  0.10004E+00  0.40200E+00  0.81084E+00  0.31029E+00  0.67326E+00
  0.10004E+00  0.41284E+00  0.79029E+00  0.34794E+00  0.63846E+00
  0.10004E+00  0.41916E+00  0.77064E+00  0.37232E+00  0.62471E+00
  0.10004E+00  0.43000E+00  0.74812E+00  0.41036E+00  0.59372E+00
  0.10004E+00  0.44084E+00  0.72660E+00  0.44864E+00  0.55944E+00
  0.10004E+00  0.44716E+00  0.70627E+00  0.47675E+00  0.54673E+00
  0.10004E+00  0.45800E+00  0.68387E+00  0.51534E+00  0.51856E+00
  0.10004E+00  0.46884E+00  0.66669E+00  0.54538E+00  0.49390E+00
  0.10004E+00  0.47516E+00  0.65541E+00  0.56190E+00  0.48757E+00
  0.10004E+00  0.48600E+00  0.63920E+00  0.58513E+00  0.47787E+00
  0.10004E+00  0.49684E+00  0.62339E+00  0.60914E+00  0.46646E+00
  0.10004E+00  0.50316E+00  0.61869E+00  0.61048E+00  0.46890E+00
  0.10004E+00  0.51400E+00  0.58841E+00  0.62294E+00  0.49856E+00
  0.10004E+00  0.52484E+00  0.55282E+00  0.64854E+00  0.52256E+00
  0.10004E+00  0.53116E+00  0.53905E+00  0.67390E+00  0.54525E+00
  0.10004E+00  0.54200E+00  0.49974E+00  0.68920E+00  0.57488E+00
  0.10004E+00  0.55284E+00  0.44276E+00  0.70697E+00  0.63181E+00
  0.10004E+00  0.55916E+00  0.40516E+00  0.71571E+00  0.68558E+00
  0.10004E+00  0.57000E+00  0.34637E+00  0.71987E+00  0.80296E+00
  0.10004E+00  0.58084E+00  0.29347E+00  0.72001E+00  0.94064E+00
  0.10004E+00  0.58716E+00  0.26748E+00  0.71478E+00  0.10283E+01
  0.10004E+00  0.59800E+00  0.23435E+00  0.69871E+00  0.11761E+01
  0.10004E+00  0.60884E+00  0.21013E+00  0.67808E+00  0.13130E+01
  0.10004E+00  0.61516E+00  0.19985E+00  0.66718E+00  0.13769E+01
  0.10004E+00  0.62600E+00  0.18664E+00  0.64592E+00  0.14588E+01
  0.10004E+00  0.63684E+00  0.17665E+00  0.62546E+00  0.15238E+01
  0.10004E+00  0.64316E+00  0.17324E+00  0.61192E+00  0.15493E+01
  0.10004E+00  0.65400E+00  0.16979E+00  0.58713E+00  0.15634E+01
  0.10004E+00  0.66484E+00  0.16603E+00  0.56885E+00  0.15702E+01
  0.10004E+00  0.67116E+00  0.16552E+00  0.55833E+00  0.15619E+01
  0.10004E+00  0.68200E+00  0.16412E+00  0.54210E+00  0.15495E+01
  0.10004E+00  0.69284E+00  0.16137E+00  0.52088E+00  0.15337E+01
  0.10004E+00  0.69916E+00  0.15956E+00  0.50271E+00  0.15212E+01
  0.10004E+00  0.71000E+00  0.15568E+00  0.45734E+00  0.14866E+01
  0.10004E+00  0.72084E+00  0.15004E+00  0.38630E+00  0.14167E+01
  0.10004E+00  0.72716E+00  0.14563E+00  0.33177E+00  0.13554E+01
  0.10004E+00  0.73800E+00  0.13826E+00  0.22792E+00  0.12012E+01
  0.10004E+00  0.74884E+00  0.13215E+00  0.12608E+00  0.10316E+01
  0.10004E+00  0.75516E+00  0.12829E+00  0.63366E-01  0.93897E+00
  0.10004E+00  0.76600E+00  0.12679E+00  0.37416E-01  0.88143E+00
  0.10004E+00  0.77684E+00  0.12552E+00  0.11073E-01  0.82566E+00
  0.10004E+00  0.78316E+00  0.12507E+00  0.24462E-02  0.81209E+00
  0.10004E+00  0.79400E+00  0.12509E+00  0.35780E-02  0.80752E+00
  0.10004E+00  0.80484E+00  0.12513E+00  0.18872E-02  0.80418E+00
  0.10004E+00  0.81116E+00  0.12507E+00  0.91610E-03  0.80259E+00
  0.10004E+00  0.82200E+00  0.12501E+00  0.54571E-03  0.80117E+00
  0.10004E+00  0.83284E+00  0.12502E+00  0.19838E-03  0.80057E+00
  0.10004E+00  0.83916E+00  0.12501E+00  0.14282E-03  0.80040E+00
  0.10004E+00  0.85000E+00  0.12500E+00  0.80850E-04  0.80018E+00
  0.10004E+00  0.86084E+00  0.12500E+00  0.19794E-04  0.80008E+00
  0.10004E+00  0.86716E+00  0.12500E+00  0.15692E-04  0.80005E+00
  0.10004E+00  0.87800E+00  0.12500E+00  0.10622E-04  0.80002E+00
  0.10004E+00  0.88884E+00  0.12500E+00  0.14009E-05  0.80001E+00
  0.10004E+00  0.89516E+00  0.12500E+00  0.10933E-05  0.80001E+00
  0.10004E+00  0.90600E+00  0.12500E+00  0.12063E-05  0.80000E+00
  0.10004E+00  0.91684E+00  0.12500E+00 -0.10073E-06  0.80000E+00
  0.10004E+00  0.92316E+00  0.12500E+00 -0.61693E-07  0.80000E+00
  0.10004E+00  0.93400E+00  0.12500E+00  0.14407E-06  0.80000E+00
  0.10004E+00  0.94484E+00  0.12500E+00 -0.33880E-07  0.80000E+00
  0.10004E+00  0.95116E+00  0.12500E+00 -0.20399E-07  0.80000E+00
  0.10004E+00  0.96200E+00  0.12500E+00  0.21566E-07  0.80000E+00
  0.10004E+00  0.97284E+00  0.12500E+00 -0.12131E-07  0.80000E+00
  0.10004E+00  0.97916E+00  0.12500E+00 -0.70417E-08  0.80000E+00
  0.10004E+00  0.99000E+00  0.12500E+00  0.51574E-08  0.80000E+00
  0.10004E+00  0.10008E+01  0.12500E+00 -0.10348E-08  0.80000E+00
  0.10004E+00  0.10072E+01  0.12500E+00 -0.14057E-08  0.80000E+00
  0.10004E+00  0.10180E+01  0.12500E+00  0.38855E-09  0.80000E+00
  0.10004E+00  0.10288E+01  0.12500E+00 -0.45526E-09  0.80000E+00
  0.10004E+00  0.10352E+01  0.12500E+00 -0.62533E-10  0.80000E+00
  0.10004E+00  0.10460E+01  0.12500E+00  0.22762E-09  0.80000E+00
  0.10004E+00  0.10568E+01  0.12500E+00 -0.10390E-09  0.80000E+00
  0.10004E+00  0.10632E+01  0.12500E+00 -0.96549E-10  0.80000E+00
  0.10004E+00  0.10740E+01  0.12500E+00  0.27053E-10  0.80000E+00
  0.10004E+00  0.10848E+01  0.12500E+00 -0.33804E-13  0.80000E+00
  0.10004E+00  0.10912E+01  0.12500E+00 -0.17350E-11  0.80000E+00
  0.10004E+00  0.11020E+01  0.12500E+00  0.37104E-11  0.80000E+00
  0.10004E+00  0.11128E+01  0.12500E+00 -0.63149E-11  0.80000E+00
  0.10004E+00  0.11192E+01  0.12500E+00 -0.29149E-11  0.80000E+00
  0.10004E+00  0.11300E+01  0.12500E+00  0.24716E-11  0.80000E+00
  0.10004E+00  0.11408E+01  0.12500E+00  0.55178E-12  0.80000E+00
  0.10004E+00  0.11472E+01  0.12500E+00 -0.97112E-12  0.80000E+00
  0.10004E+00  0.11580E+01  0.12500E+00 -0.34658E-12  0.80000E+00
  0.10004E+00  0.11688E+01  0.12500E+00  0.14943E-12  0.80000E+00
  0.10004E+00  0.11752E+01  0.12500E+00  0.32751E-12  0.80000E+00
  0.10004E+00  0.11860E+01  0.12500E+00 -0.65629E-13  0.80000E+00
  0.10004E+00  0.11968E+01  0.12500E+00 -0.25660E-12  0.80000E+00
